"E","C"
0.998149794962294,0.00181295285915856
0.999448474351987,0.000542999383024238
0.999374466201317,0.000619316399696415
0.998668568506014,0.00131314793052969
0.998494475774585,0.00146318377386178
0.99926329339308,0.00072239892971674
0.9995907031814,0.000403903224586014
0.996236552753589,0.00371554217695427
0.998551744314768,0.00142289524026583
0.999823028318707,0.000174572548364121
0.998959590103919,0.00102900246344334
0.999664674063083,0.000330938300635504
0.997717262570402,0.0022391909954046
0.998914420521847,0.00107409797251577
0.999449849578679,0.000537734344469684
0.99890711485396,0.00107496098620865
0.999343440222278,0.000643713367987884
0.997766516290677,0.00220498842128062
0.9991069338207,0.00087900125425374
0.998136371490506,0.00183589582574018
0.99861982604891,0.00135224733883883
0.999511960412568,0.00048059754048922
0.999274475376718,0.000714187251607482
0.999514138051031,0.000480696862036526
0.996978297591303,0.00298080835888336
0.998053934251769,0.00193273934017984
0.999829186091544,0.000168775842963248
0.999328142997416,0.000661320145791715
0.999477472537097,0.000513390118609975
0.998320955737003,0.00166124524809429
0.999127156169041,0.000850933668467362
0.999789453903246,0.00020767615192794
0.996603950152489,0.00333347772458507
0.999318475385077,0.000670598055336206
0.998537015274821,0.00143967342015499
0.999086618943433,0.000900710275496102
0.997536355518987,0.00242510811672423
0.99882848260761,0.0011581124430792
0.99988042356087,0.000117825229179443
0.998909148564741,0.00106381340547463
0.997746858475211,0.00222235073536044
0.99986665831211,0.000131563951582158
0.998761291520029,0.00121273468260249
0.999890508595513,0.000107876103109266
0.999829802537071,0.000167861079391399
0.999820236397106,0.00017871503521508
0.99968703060654,0.000307837235683736
0.999421202374541,0.000571734053281862
0.999097053285376,0.000891941071857328
0.998624047843596,0.00136245835381198
0.999391545444193,0.000602367430934064
0.999574146786783,0.000420126490015706
0.998894681112198,0.00109675052715956
0.999651250084672,0.000344181844605505
0.999454254696172,0.00054111871487286
0.998044795996411,0.00193811411634569
0.997098987149453,0.00287552159156857
0.997709448479624,0.00225952426128116
0.999589342574783,0.00040426544936014
0.998497338831042,0.00148991685815264
0.996232232065999,0.00359926161184284
0.99916362017219,0.000818470270037472
0.998707565182321,0.00127700619891503
0.998731858088652,0.00123647165155779
0.998996905793446,0.000985378991585935
0.999441046762871,0.00055068387919058
0.999776399749705,0.000220354262951074
0.999846505125071,0.000151436874633655
0.999859630653296,0.000138648706338943
0.997378784932555,0.00259309918291745
0.996158833906811,0.00382340208920197
0.999507494643238,0.000488900779352078
0.99990113513943,9.71263482915606e-05
0.999228684830548,0.000765290857845342
0.998942013087123,0.00103664765855924
0.998128901175251,0.00184361193869912
0.998577393386253,0.00140180186274763
0.999768594437034,0.000228595868432164
0.999135431877736,0.000845290634240446
0.999577823706863,0.000416314580425359
0.999799936660519,0.000197136883105741
0.999267876707747,0.000720628322619781
0.999314956788936,0.000675811622670456
0.999060228807936,0.000924858321737462
0.998013083072237,0.0019524175887791
0.999197105026063,0.000788754701548474
0.999432045375401,0.000560675240106786
0.999778011286389,0.000219628044667059
0.999766935659394,0.000229388553169282
0.998258220418072,0.00171711512947975
0.999153231895824,0.000842139138066775
0.99950870832066,0.000485402502210011
0.999723648594069,0.000271886240134965
0.999487399232117,0.000505339622607836
0.999059506206889,0.000929215390238959
0.999567429219333,0.000426746730145541
0.99992769114236,7.10900650877367e-05
0.999711072675841,0.000285513994212827
0.997294507649741,0.00266455544644946
0.999507729658704,0.000488555011771242
0.999653078411294,0.000343126562082443
0.999332533495424,0.000658140604262193
0.99947322391807,0.000519645891460261
0.99958383009618,0.000414122168035926
0.999240238674366,0.000744957231820183
0.998992805356792,0.000989754271277949
0.999105432087838,0.000886260311685295
0.998133680588453,0.00186031122886079
0.999669078159373,0.000326094702676235
0.999064856506925,0.000909927047144355
0.999573108028405,0.000421650345824982
0.998967389893878,0.00102232509819683
0.998201079494628,0.00177356097412472
0.997259767085523,0.00270250360025745
0.999863706041555,0.000134276317079368
0.999370791779663,0.000621430516353098
0.999174270199412,0.000815878230949546
0.999524927919248,0.000469697852655486
0.999342346452029,0.000646939526198998
0.99944232131817,0.000555508229409324
0.998180168518431,0.0018097795476652
0.999815897090437,0.000181805589388697
0.998899984075876,0.00108379805918
0.999219432946333,0.000777420199867323
0.999782988975764,0.000213922875930688
0.999798653268653,0.00019738622937809
0.998856002988808,0.00112229950251173
0.998479472648419,0.00149965568060947
0.998385525029402,0.00160727917043747
0.99911819092613,0.000880810627361098
0.998286907453861,0.00169813101566932
0.999339411009722,0.000652914369992718
0.998745831512747,0.00123697089483611
0.997543328571342,0.0024130034634456
0.999607650613577,0.000388796490293247
0.998733489479737,0.00126563666646548
0.997804418571228,0.00216672857286545
0.998039267115914,0.00193291969373095
0.998525366581211,0.0014502321668835
0.999825447085905,0.000172651936032753
0.999293267495401,0.000694674539387099
0.999431897467094,0.000559228493888627
0.999662178211371,0.000331343743568749
0.99848501507066,0.00150001003063224
0.999679065303677,0.000317956267799276
0.999520432194218,0.000471408589430186
0.9991793761729,0.000813362122856929
0.999567547270998,0.000426542987202254
0.99641026876165,0.00353543061559401
0.999554869957968,0.000442014136254786
0.999508080916166,0.000489715994285598
0.998512150837528,0.00146622298761911
0.999647194746777,0.000345232882948968
0.999815397871597,0.000182547878805595
0.999730840599855,0.000266221914251632
0.999764696129871,0.000231049276538242
0.998301048384005,0.00168911754689474
0.999313598515809,0.000677856986248337
0.999160430704427,0.000829755823900095
0.998815723428704,0.00116195720938088
0.999611354051461,0.000383301100947165
0.998355799251463,0.001616142808619
0.998514223551171,0.00147016342430334
0.999810006070754,0.000187206398159174
0.99961201385149,0.000379056514369433
0.999538841674862,0.000455772181086324
0.999407908117131,0.000583099793742228
0.99968853162174,0.000307257322717268
0.998508542882919,0.00146989826686983
0.999333824855183,0.000661258665536676
0.999601845738703,0.000389123572827086
0.998850316105713,0.0011258501628076
0.997977734224446,0.00198879539868254
0.999774721684566,0.000222837537509726
0.997821114808156,0.0021506381529743
0.999061798106616,0.000925820012018481
0.999108892148725,0.000879420606922295
0.999735432324604,0.000261073806075096
0.999038310309092,0.000945703115751652
0.998589897335569,0.00138802741555732
0.99711109819328,0.00283888055627195
0.999526927639636,0.000468432550911234
0.998016170013468,0.00197258277964366
0.998559573581275,0.00141635857377442
0.998793155164655,0.00118699535638892
0.999114985503298,0.000873734487705584
0.999077760677776,0.000908865577185622
0.999577062936714,0.000415796065662059
0.999217186569845,0.000773987125876747
0.999471732391185,0.000525241143375417
0.999379768949454,0.000611461963736912
0.999278055047101,0.000712257818724379
0.998487655025447,0.001507958030293
0.999217132159857,0.00076589295719465
0.999581486357979,0.00041423954630632
0.999279829089679,0.00071457285708316
0.998002248843143,0.0019759908551325
0.999035415976337,0.000956536161834844
0.999364330638247,0.000622762700430971
0.999636408182407,0.000359513614387952
0.999846343160162,0.000151676640248068
0.999380152858028,0.000607619370811132
0.99959556838701,0.00039837402809799
0.997503674691748,0.00249423211529451
0.999601720968803,0.000389309015133867
0.999414024231759,0.000575747473010868
0.999977566800518,2.21471155203179e-05
0.997357852936603,0.00259424602437225
0.997395588426176,0.00255013051235451
0.999714768317933,0.000281703693261035
0.998930853127064,0.00105311381699256
0.997285892027973,0.00269429264114175
0.999148161937208,0.000846340108466105
0.999255437966414,0.000733968531134302
0.999741769352773,0.00025501859849691
0.997080774093582,0.0028907419194916
0.998430066495062,0.00154304390740934
0.999231666461494,0.000760940046957839
0.996283855746823,0.00364889478833696
0.999024232544975,0.000961530921196084
0.999450613575717,0.00053823301675796
0.999145691864662,0.000839914193056246
0.998643778180312,0.00134159349371983
0.999727612229544,0.00026934036048151
0.999677494463402,0.000318616827586207
0.999806921104374,0.000191784943847708
0.999431286598235,0.000561815709108026
0.998766784233731,0.00122125028436761
0.999890508595513,0.000107876103109266
0.998925135958674,0.00107001707403776
0.998769891947947,0.00122667975072804
0.99925556217622,0.000740533631799398
0.999104695638521,0.000880730427914253
0.999482934251966,0.000510286930565926
0.999355797993232,0.000635304198977834
0.999079233967686,0.000905037032335344
0.998480799008833,0.00150972400486429
0.99963041546048,0.00036505293377382
0.999118962224603,0.000856475189338254
0.998088936292057,0.00188130597437287
0.99985265411227,0.000145655064686544
0.999609469886243,0.000382804857602096
0.998573604133573,0.0014122345620482
0.998971592572017,0.00102631474220546
0.999558272516318,0.000435306358968516
0.999522528562999,0.000471618617726285
0.999519946382561,0.000473769871234526
0.999821192990306,0.00017729269090519
0.999021207544087,0.000967619124653713
0.999590049361832,0.000404872241198177
0.998601964866128,0.00138524178198614
0.99957034467523,0.000425741997263244
0.998429985241168,0.00154782688353526
0.999382065276642,0.00060481712644156
0.997982158517802,0.00198721843094006
0.999571013652473,0.000423084627740763
0.998396460140432,0.0015694982275281
0.998767721456354,0.00120983620483319
0.998860825202849,0.00112846398977041
0.998447149823374,0.00154110117579448
0.999596495895845,0.000398649751744605
0.999089902043754,0.000897586328803604
0.999322283168722,0.000669965992909133
0.999464295746332,0.000524629025218559
0.999559204638443,0.000437261640933372
0.999412679223588,0.000579412073753112
0.997315581084264,0.00262367450234917
0.999455130361432,0.000538144277863962
0.999017963231678,0.000970821034843183
0.999531247631167,0.00046705539672409
0.999609570819271,0.000387632956169803
0.999849584321637,0.000148540356347466
0.994893437805356,0.00506867742559623
0.998356023229924,0.00161910302893663
0.999405403973478,0.000593563410527949
0.997077633166338,0.00288279475536324
0.999505810020807,0.000489716998754885
0.999158162888773,0.000831467568334959
0.999542070460882,0.000450996653229394
0.999459642283411,0.000531464410798155
0.998624083984558,0.00134582688637502
0.999774960847915,0.000222489499381605
0.999335333697336,0.000657295915152215
0.998927550675202,0.00105140375886903
0.999846343160162,0.000151676640248068
0.999810231079024,0.000186877708073604
0.998604135008271,0.00136701918461321
0.998627649976829,0.00134718429645588
0.999304600380521,0.000684530445361948
0.99835478041453,0.00161919995740609
0.999746392205327,0.000249831634757889
0.998901695131625,0.0010796393134188
0.999144070907544,0.000847302525207218
0.999146271340561,0.000845691477533664
0.999368545083982,0.00062312681758007
0.999893610741651,0.000104944669725077
0.997977499790019,0.00199407757378126
0.998680308961854,0.00132113220239304
0.999382784790947,0.000613715257892482
0.997881992864607,0.00210245557414043
0.998292144577171,0.00166591906495087
