"E","C"
0.901442160048628,0.0855411019037438
0.894450228793604,0.0909762745182471
0.893747657975768,0.091871592498281
0.8623399948892,0.115104094717615
0.874503875486952,0.106234425420492
0.868234693005787,0.11092833829226
0.882605748719454,0.0999679870903556
0.878278846323225,0.103331260418018
0.873982343350086,0.106575451778946
0.886369358357435,0.0974123592807606
0.866285659221526,0.112236574257471
0.894716783066914,0.0908704786138452
0.88232054577614,0.100568393420031
0.891947801460757,0.0929924224051567
0.884450804496438,0.0987955840435128
0.884638043056259,0.0985341924592741
0.880215643755674,0.101830258364591
0.890601376735094,0.0945095210346541
0.881028335043006,0.101490158956531
0.895094052039871,0.090820498932983
0.863620503284746,0.114256918302315
0.870750715711831,0.109015173086801
0.857808395724641,0.118131358101433
0.871485363059777,0.108518385858803
0.876073654789005,0.105129260889751
0.864529656915687,0.113510735283267
0.88606370368922,0.0974771171170059
0.886879651636671,0.0972182720087349
0.893024226479748,0.0920571824851711
0.899518452681049,0.0874926090478191
0.885651527865771,0.097956698363918
0.87792781051677,0.103610643975641
0.88763410793087,0.0963006449034697
0.888732535319872,0.0956150352679899
0.894731189704936,0.0908291215472064
0.891551220716578,0.0933772627178253
0.874311317254393,0.106263861499462
0.902856932266982,0.0845110841693545
0.895878685661009,0.0900262069862295
0.894250499793608,0.0913018777805384
0.868480843998689,0.110701382910147
0.882041479433091,0.100556218019824
0.873010556956409,0.107382524748806
0.894098706375293,0.0913183537016263
0.882925888249796,0.0999106222309407
0.871167031795341,0.108628766864896
0.903608097363662,0.0839035485866883
0.890751854442232,0.0941302605264437
0.873444538610863,0.10690102819857
0.891939501011972,0.0929633068193054
0.882416567800407,0.100281483940435
0.8912598720494,0.09351746703694
0.874685665543323,0.10604705456561
0.881001119918159,0.101363687269287
0.895970769791424,0.0899077574280294
0.890780845375849,0.095133551771329
0.885072088286317,0.0983400992470095
0.889108095523989,0.095139998478453
0.883324836270517,0.0997551453940473
0.899591717058809,0.0872884526006455
0.870153680924275,0.109226539480195
0.878084746483789,0.103698506322694
0.88749090590954,0.0964391269107333
0.891586752126532,0.0935496605528602
0.8911709215634,0.0935112655672051
0.885644101924707,0.0981627376564689
0.869439153828619,0.109948825000848
0.867005780216226,0.111971716446819
0.864798391907184,0.113237716266145
0.858868563379129,0.117654368220796
0.882601464580436,0.100193492927062
0.881989428646837,0.100538368706865
0.874118708488128,0.106363088992732
0.887669334016989,0.0961767784550651
0.878221873176578,0.103477301235414
0.891644851528193,0.0932233638911724
0.884545137247636,0.0986987949872373
0.875442216798035,0.105460159690432
0.887447382858549,0.0964960413651574
0.885551419557274,0.0979338018660027
0.892815248507732,0.0923478952750304
0.864633016578116,0.113473250207431
0.87590538235367,0.105028282457487
0.887448865804046,0.0964089686761362
0.892056558783541,0.0932334957441517
0.880860758960913,0.101460925997844
0.886264949749659,0.0977136193725321
0.888949765908392,0.0953264522449405
0.886143572073463,0.0974423121953003
0.879060425158013,0.102816457461937
0.900094133010548,0.086711845547913
0.878664997307893,0.103022500226936
0.893204637836946,0.092049012087962
0.897081102130443,0.0889993146140267
0.881105658137947,0.101215559199938
0.896520379219539,0.0895462573645902
0.904828871396948,0.0829686947861679
0.886207933988424,0.0973938258386176
0.888612873323869,0.095532936036452
0.870920329679598,0.108718721293649
0.887188561046759,0.0979207099623976
0.885081842237827,0.0985441256597091
0.907303272266018,0.0809608054523177
0.882388596460208,0.100305568369597
0.887359428266117,0.0967222868592831
0.873999479278632,0.106404845390341
0.886545449393605,0.0972227895442767
0.881725304917476,0.100780763825349
0.871006003733728,0.108789274033529
0.910270751084617,0.0788440100511735
0.877024397941373,0.104579125040033
0.895615203807931,0.0902206713481854
0.890327453472718,0.0940102125238168
0.873320349235093,0.106927153343365
0.885791111848646,0.0977078733200424
0.900229250438646,0.0867436303957033
0.882690802870857,0.100314845451506
0.867789013642027,0.111178089190321
0.868139169406023,0.110811905474616
0.872570625009466,0.107596923480049
0.884045869095091,0.0989779453722197
0.868304107493767,0.110803440011105
0.885791707405606,0.0977996425293676
0.880307545841836,0.101830518211919
0.8999219767057,0.0867325681720568
0.87679681764683,0.104599018921984
0.887531045497341,0.0965289774922237
0.880936596747017,0.101302659892312
0.898073321154055,0.0882895687955068
0.901751529123621,0.0854866659508687
0.89477515319196,0.0907985985791973
0.882505256982508,0.100178664192651
0.893467423864816,0.0917977081411126
0.911563376383862,0.0775297689159225
0.897697630582896,0.088680864443795
0.902193808827926,0.0854033722936185
0.881846954023237,0.100734782124489
0.897461817086635,0.0889303452187662
0.885871494956241,0.0977271087325637
0.877483850506807,0.104033595135378
0.917221817012482,0.0731731954651063
0.882431866037145,0.100245707008035
0.882362095016539,0.100144566627949
0.910697741371188,0.0782771573996185
0.892158784539422,0.0929047811541657
0.8880538609123,0.0964091006989494
0.864039075827158,0.113785223783931
0.883980929948833,0.0992529346059871
0.915378922406401,0.0746095675585265
0.889043090105638,0.0951960005665531
0.880951162703208,0.101382236518601
0.865365435833494,0.113230052722373
0.872583836691974,0.107622218956727
0.893601902047204,0.0920291020030295
0.878358066536904,0.103776116810196
0.878502312378587,0.103462578102757
0.900619362564425,0.086403101345898
0.853748304829092,0.121395559008634
0.904271635425882,0.0834023580163074
0.855595529730824,0.119865497311409
0.866933866923476,0.111745971605415
0.892559411457078,0.0927408757656961
0.890267003642289,0.094229905524655
0.886120431002011,0.0977191099422024
0.920057164767519,0.0707757132750708
0.881514370171322,0.100808862365901
0.884610239507771,0.0990311136108881
0.898356102412197,0.0881112525944403
0.874871755232806,0.105900859636481
0.885694531132229,0.0977122551497204
0.886695054627685,0.0970528789869099
0.894450349746053,0.0912382495538394
0.900396824019307,0.0865690850419952
0.892131880046158,0.0929844943458098
0.875997689873004,0.105149729593807
0.870754075560553,0.109239481022792
0.867392043485491,0.111732675826049
0.887633693508006,0.0963012365052541
0.87811080985966,0.103432908441193
0.85267487409629,0.121873257075571
0.867231457284545,0.111520244937571
0.888464810259245,0.0960042981123113
0.8824980165067,0.100192796058863
0.889204495659958,0.0952389323278112
0.87733345741288,0.10404187102383
0.886267832771803,0.0973574343141045
0.884003378413086,0.099028792543113
0.892450813608679,0.0925857116392743
0.896976267663708,0.089236156986079
0.881509756930652,0.101411925312248
0.883454948422204,0.0996218266954697
0.886526922184968,0.0971553333330575
0.884613654468083,0.098642016075985
0.871633000367932,0.10879427617564
0.860870842136329,0.116112094039943
0.873290980718226,0.107118822956081
0.878139207920473,0.10343438385361
0.872481664921673,0.10785200187418
0.88825255313526,0.0958354879679542
0.880384542153398,0.102161891414576
0.894092560877045,0.0913247358146392
0.878474980156594,0.10312973270043
0.879211037778406,0.103172440061326
0.888584121147905,0.0958591281169549
0.872182786527902,0.10788432586992
0.887815074841707,0.0960679254656135
0.889773411515712,0.0946394637933257
0.875284604830368,0.105880710057528
0.884307351262943,0.0989415569521868
0.884236956599497,0.0992679745308747
0.911167628700894,0.0779724968820622
0.885209107509114,0.0981901675301388
0.87296134469015,0.107523824086944
0.895812958647379,0.0900715125714731
0.898475688881998,0.0879695659544529
0.876318553861352,0.104730385266665
0.882222187483087,0.100484624461942
0.87755491114931,0.104244997795654
0.870181052442364,0.109415487727812
0.895397551986571,0.0903021789542276
0.896264482464097,0.0896998905916184
0.882575185552784,0.100113280320024
0.873182594358385,0.107152691727828
0.899880260490719,0.0867759168858231
0.889081481018989,0.0951770919212301
0.892463512068744,0.0925148712886601
0.886947851098276,0.0966875011789369
0.887683516838512,0.0962458989411431
0.881794244027652,0.100719250290793
0.891084835975805,0.0936649143981317
0.882112281765222,0.100483304647189
0.893824103815848,0.0915357533699217
0.886103478283583,0.0976111031134957
0.878170487115856,0.103405132012853
0.88367121399343,0.0995600825837721
0.889306038972447,0.0948839959759303
0.88835401678827,0.095823286940352
0.891784852029253,0.093012243556709
0.88992730538208,0.0947004535097935
0.858319787502205,0.117955089116978
0.871659877911723,0.108347771028531
0.908450217792801,0.0801407954699339
0.892613673450972,0.0923929495629089
0.876663599877134,0.104791197435419
0.868190461480661,0.110901038069261
0.885299120811393,0.0986967086752816
0.906403785931167,0.0818460981724822
0.897553235115804,0.0886539499422995
0.886407035522846,0.0972136691492408
0.899715927562308,0.0870502624663076
0.886511889426588,0.0970797534627769
0.89208309918326,0.0929492956020447
0.85190110662539,0.122479524333638
0.883439414058987,0.0996292634315204
0.879333547223078,0.102622696327071
0.90581330758583,0.0824632480030334
0.881243850778555,0.101287419630668
0.877819524137383,0.103976109359271
0.861790874632956,0.115419315602817
0.90171559606027,0.0853480906330276
0.886952261474199,0.0968827356369328
0.873499289957341,0.106902695901718
0.876987019486305,0.10436860711557
0.864905537255083,0.113179151137442
0.870449161424484,0.109133126786176
0.898012875204442,0.0883524673340784
0.874957294990952,0.105839137677624
0.895477196085917,0.0902616645343805
0.891848028982787,0.0930788970058692
0.8784667908008,0.103521141799312
0.883454393306195,0.0997151147811288
0.901429102600027,0.0856820509661602
0.876502699750726,0.104615357944238
0.879412246311262,0.102549490749255
0.860640273904145,0.1161359632673
0.871565389881749,0.108198773634495
0.89064630033014,0.0941451673608584
0.883319658182331,0.099757622986268
0.895257869411468,0.0903797185906468
0.885333742787489,0.0979901314675326
0.893323010382834,0.0921172857174998
0.902300818670214,0.0848961377764863
0.868804938651008,0.110370041112657
0.88829716306536,0.0957798006041423
0.877691014710037,0.103760498602195
0.877461497598861,0.104110147331481
0.897017238693832,0.0893693114590777
0.915614528595691,0.0748608616195138
0.89261455836856,0.0924837116207264
0.874369741441179,0.106648424074598
0.890713315928335,0.0940378196586345
0.865776575138656,0.112801951987087
0.89184828111876,0.0930785375735365
0.888913187623984,0.0953217378596564
0.871465124852742,0.1087149765736
0.882254803843842,0.100237404840285
0.886539492758927,0.0971423903051953
0.87073802046755,0.109000196366704
0.915342849086134,0.0746331826750036
0.888711986546651,0.0955251584085783
0.894437398290148,0.0909633272485986
