"E","C"
0.849458506417913,0.2481584614534
0.856074858170658,0.242827300061603
0.849959707287111,0.245199167643961
0.844244244315219,0.254191233322461
0.860171050699751,0.232973802233744
0.85206737588834,0.240147648226346
0.848976863768084,0.246706395502937
0.853946057027087,0.24222973189253
0.857769059879882,0.237175826528057
0.863630568763847,0.233710140043739
0.850898558205474,0.245614934027217
0.851923024510395,0.243429582309124
0.851522585052073,0.247598194598349
0.854495052139192,0.242919924972968
0.856160703727517,0.237027577873466
0.854591809125722,0.239520504050939
0.85213178061125,0.245722761342736
0.853319787852462,0.242066058670456
0.853306829284127,0.244652565621625
0.852999396979459,0.241002242898997
0.865203287879895,0.23005205014161
0.85462431855727,0.240973595721147
0.856155204089177,0.240302755414565
0.854601015841363,0.243534114006919
0.851602506481551,0.244493426967527
0.856600824723335,0.238547514002301
0.851907901759674,0.240462677370643
0.850918417200688,0.247426671132977
0.854474921987156,0.239614534767303
0.846801562720765,0.248415863764502
0.860957232923503,0.232454842965267
0.850495655171251,0.246134463559124
0.85756805215979,0.239965037190688
0.851318066787155,0.243989968507867
0.853962953410842,0.244082831089314
0.852227484189279,0.241210992178237
0.858294448627952,0.23762884803266
0.854523655738812,0.243000015708206
0.848599166963074,0.247545008903328
0.85652935906685,0.238925668638039
0.855709377341544,0.234362561966394
0.853336925042083,0.243364397098495
0.856950082634674,0.237909006741512
0.853601432361003,0.239634732071078
0.854794466041843,0.237929615038382
0.854425510578504,0.245786299103377
0.854262861752132,0.243647255735802
0.856794551883535,0.239641695831226
0.845934579516327,0.251852674393122
0.854990792838162,0.240471734308866
0.854312882222733,0.242276231304526
0.855803620338141,0.244956829475071
0.849036775541509,0.248031186730679
0.854421620898509,0.244345618366874
0.853939908896467,0.242671903566409
0.858314867088175,0.237691059721017
0.853190765886454,0.243697909463214
0.850832442734265,0.244350901352235
0.849825658989815,0.245829537458476
0.858814232897075,0.237482476709483
0.850210397348587,0.249438867929182
0.853589979047291,0.242615859218437
0.85922944795886,0.234955717199528
0.859935391399837,0.236556139318717
0.855739909712649,0.239716659305573
0.851647940912558,0.245721381681398
0.862618330469657,0.232991172909618
0.857114752772717,0.239505676608462
0.856688084227992,0.242593757979639
0.852781755432264,0.241795477387233
0.852933927714884,0.243584929438861
0.86355398386477,0.231756332456914
0.854633764922942,0.240611092349487
0.857922506884734,0.24077184631818
0.858584352827905,0.235484214963057
0.858339210062804,0.237685929033025
0.854913680690627,0.239948360755259
0.856564227777761,0.240325068515168
0.852865804967203,0.242238053930523
0.849283335263445,0.246524762059241
0.849662401942538,0.246213553309107
0.853990701821469,0.242509610417834
0.855831724346054,0.241127589900303
0.856834890545838,0.239423685831519
0.852934747286581,0.243228631150794
0.852531030427791,0.244343500739402
0.856393079101793,0.234612250889166
0.85497216867681,0.240014108020688
0.85442674267802,0.242983130494415
0.857822701140322,0.237733835183775
0.851571934628265,0.244284397261138
0.85904530366101,0.234391229641475
0.849480509990366,0.247581977020944
0.853175318045084,0.242048398106231
0.855799670769143,0.240306171910773
0.856489746679746,0.240930232249388
0.853012326160144,0.241198635261201
0.852186185501675,0.241032184339377
0.851865153408922,0.246889837899363
0.860272622811571,0.233555075885909
0.856864941125521,0.23814463117216
0.857002345083755,0.241204610220576
0.853246721628421,0.243428392559479
0.847547237818652,0.247736158241642
0.845854443712084,0.251864248032698
0.855087587415233,0.241705928503899
0.854732023369243,0.243124067709118
0.856258958897416,0.238046587350338
0.851791947513611,0.244737208012448
0.855749527770574,0.240336139052085
0.852863467997282,0.243069347682503
0.853620803982508,0.244385287929202
0.85824271379901,0.240857120578694
0.857499020748564,0.239344946637973
0.855799137424316,0.237912413492209
0.854952412053609,0.242503595983275
0.85802953476643,0.236661813140285
0.853673086616111,0.242670370831833
0.856091088563455,0.240368203098487
0.856259325976551,0.237201049536145
0.852493691616282,0.245707878260987
0.855639809208159,0.24116617273379
0.851149955689634,0.247660617211348
0.854060313596015,0.242280449480005
0.856644140733038,0.237626783258337
0.854538480210783,0.240032670396634
0.862332707021812,0.227651835442161
0.857987668154526,0.236047322382678
0.852364659520569,0.241485387181331
0.851218489000793,0.243396470011304
0.855317385307065,0.234620505504763
0.859130888647457,0.235259766254602
0.857278901685322,0.237895929493723
0.854001606905401,0.245351456637943
0.85924116148395,0.235410813145376
0.859069318364991,0.240064303087963
0.855369504149788,0.240357994686243
0.861766923797809,0.231426550329746
0.853333112435997,0.241234689680119
0.851976107897385,0.246410720735275
0.85366502024417,0.241690478020622
0.845889901622083,0.249990795633324
0.852309637785883,0.244740976703216
0.852230002692312,0.247894263826367
0.857053535363002,0.238592218836945
0.844350209979592,0.250330012257936
0.858050375995757,0.237799287749645
0.856560779603571,0.244329447641639
0.855164993333784,0.243033261265488
0.859469979239832,0.231241412639359
0.852909868930785,0.242902779662138
0.852940152429253,0.246201706712954
0.845404313828162,0.248430232183749
0.856984902295401,0.237348698234094
0.850588694431144,0.241399280237145
0.853768243104109,0.245036049026281
0.85370872759,0.240883191735329
0.851788740792852,0.245767885512873
0.849089186171067,0.250777804803779
0.850876815657934,0.247522112958694
0.858886041001022,0.240553579168438
0.851212928084023,0.245946241997288
0.854221457500056,0.243407530115171
0.852441182272311,0.245790093569146
0.857765146577309,0.235824963342505
0.85275479829834,0.244118136003831
0.855769600750594,0.237334140984175
0.854542862442706,0.244620870023924
0.855961813008495,0.23984180513319
0.849873629133175,0.248218467213536
0.852467733445231,0.245949704230768
0.853838811985362,0.241657354102719
0.848348429051242,0.249311187105919
0.853368658210982,0.241482856089522
0.857128325916994,0.237543734550015
0.850761444313836,0.243762902825332
0.857560224053195,0.238929454655429
0.856658941261544,0.235769526991277
0.854774254148627,0.238849550800966
0.856141831481866,0.242022266089815
0.853575267941375,0.246485450201285
0.85637511393405,0.237419010857723
0.856117062031446,0.240797649530913
0.856029481402377,0.242781825518822
0.859504638940391,0.23778610433955
0.854938814509531,0.241175634141258
0.853636947845952,0.24447481279871
0.855270000672198,0.240490638780812
0.854385570468979,0.23602776272051
0.855882773996148,0.238911620910425
0.855007522464053,0.237696036422666
0.854978967415034,0.241780086902106
0.858486278857606,0.239743351433209
0.853802121806062,0.239522838279645
0.854106306299399,0.242660572698569
0.853587193805692,0.240508523108965
0.848751622522857,0.247749283568239
0.84713102023634,0.250073703519524
0.860803613589183,0.233664179451729
0.855943725022996,0.240326382933884
0.846621059038975,0.250714145187332
0.859968032206466,0.234591981326057
0.857549820901148,0.235184054173911
0.856565605639577,0.23921873557993
0.85697225330061,0.241143342986221
0.855363043909096,0.240889390864353
0.855033792709855,0.240419603711461
0.862705419058239,0.236820778706403
0.85216702469555,0.243718210054632
0.849941144385484,0.245306859929782
0.853101311490328,0.240341946082993
0.852226442645037,0.246844478946347
0.861330205611333,0.233687913489283
0.858996927972702,0.234144937565642
0.858584845452621,0.239328772787443
0.857606245052387,0.235838168904208
0.860485128928158,0.23447649796017
0.855541474075193,0.238590373566864
0.850150236464621,0.247838031331576
0.847044846179076,0.249769413942047
0.855450179381459,0.238886853894795
0.851230732264179,0.240657513373851
0.848574787021072,0.248790763722422
0.849150313906796,0.24924237457046
0.855228666622165,0.243103782054965
0.854261276598592,0.243381634303432
0.849494419583442,0.247197525635787
0.852274588552071,0.247842468303943
0.864820760584817,0.229121690193758
0.855941567679671,0.240635938300221
0.855467104500499,0.237396220514724
0.853505408498271,0.243111900935693
0.852731221273786,0.243494984042012
0.85275356992739,0.243008875334852
0.859526734800347,0.233687094650343
0.858702171275924,0.237319048658301
0.853310546600301,0.242797825089101
0.854157648107417,0.243460593757844
0.857478137567567,0.24347609070429
0.847260348423604,0.247940704570587
0.854611369505447,0.24030807283212
0.861277703195923,0.233199870570286
0.853137593940825,0.243845298302593
0.860024210022095,0.239708720717139
0.858484766275298,0.23933536040197
0.857859132028191,0.235164914932423
0.855573803656584,0.238640987739364
0.849415597117886,0.247157730107259
0.856742350241226,0.240028374247514
0.846893228122882,0.248468776760768
0.854215834147037,0.24511734352774
0.853837108452631,0.243508965206544
0.848330465828223,0.245609614619192
0.847370046442046,0.249256370741945
0.852776209015058,0.244560833574443
0.852277697803484,0.246837320553871
0.85364864577682,0.242810520070253
0.854535925754225,0.241560977785208
0.855928839255152,0.241903210742133
0.85070954283141,0.246775757991086
0.8549452725414,0.243602751522145
0.852478283198676,0.242043052580418
0.853590175216227,0.242569106218904
0.847644072351412,0.25028945132322
0.850843798958282,0.24353611759425
0.862632978874592,0.228671168954167
0.859497080933159,0.233498278748781
0.86342500954943,0.226745357059445
0.850528951143161,0.247452767083748
0.84352655211155,0.253102422722986
0.855983421684573,0.236794453209383
0.85935870199217,0.235244828456622
0.856803525711357,0.238434777542323
0.852782495005476,0.242464372406713
0.858104316862607,0.235543480718094
0.85411891892711,0.246591226987246
0.855791217726405,0.24065285471328
0.852703096392449,0.241861551349767
0.859006425430735,0.237227852386217
0.84908765915477,0.246010993070466
0.856903036129891,0.238528254941634
0.852859129664289,0.242438315633801
0.855300217288312,0.241193489013465
0.856373289641436,0.241747733773179
0.852040612504406,0.245195340479896
0.846148636164885,0.251677416970532
0.858759943176442,0.233662836126157
0.853038184322935,0.245051921531544
0.849570539833261,0.247392770970908
0.851435159819877,0.247983747846979
0.859245558800711,0.236729765009099
0.854102858042072,0.239835577156762
0.851687584883949,0.245631366648111
0.856204699416229,0.241331599279453
0.853881072309562,0.242159754930484
0.856745767131401,0.234959299277706
0.857817426632377,0.239246017052618
0.851719489012764,0.24474801305069
0.849582362897031,0.246035814556177
0.858210461279676,0.239382781886892
0.852256006130736,0.244250092594262
