"E","C"
0.564028042057867,0.288401322635007
0.565542413995301,0.290081898035022
0.56816334407585,0.288270079545682
0.573765809002179,0.288141439669816
0.565438967282932,0.289284400586697
0.573283558329221,0.286405995956544
0.583395562989725,0.289717335256684
0.565650099263903,0.288568735796924
0.549507157619012,0.287422944416098
0.559513989998094,0.290294645665421
0.582603882691682,0.289755358045191
0.532670950511867,0.291919047291618
0.575687436188218,0.289294003674929
0.577771612532992,0.287285792410973
0.577730675017542,0.287313488478131
0.545874813216424,0.28710051912476
0.577171710744836,0.289825201456567
0.558007660277512,0.287395966233709
0.595857791660959,0.290132576405453
0.565480172731453,0.290293988443883
0.583687530079311,0.286574023232745
0.584902649409685,0.290319800715644
0.544717248566091,0.287530014120499
0.570501704688243,0.291231996149373
0.581294393442353,0.288742510164833
0.546843351111315,0.287040138170906
0.580184835279165,0.287177245578914
0.559363247071634,0.286859869313778
0.57099406396577,0.288027341468093
0.558254311700744,0.288068843687646
0.569687560712946,0.285557634565241
0.577860427929538,0.290215721677512
0.574086731173582,0.292068454274934
0.561139351299085,0.288042619566628
0.553052567187517,0.286163412945399
0.584753018837052,0.289883221717003
0.554025147235394,0.289598581506778
0.582324915961258,0.285640768562043
0.553004207323334,0.287498599996603
0.559661176607653,0.289322503511822
0.580845623399894,0.288810472732175
0.578101835181412,0.2877701503611
0.578227179305867,0.290530922146768
0.558866515236638,0.288935813682827
0.575087529791297,0.286923436251342
0.576487147369936,0.288555833696944
0.540571638798934,0.290267360781134
0.570712570957073,0.288745343238999
0.581939489522894,0.286411910695346
0.560454529034418,0.290440719826323
0.580589426107039,0.288685374369473
0.561952418150708,0.286542829770857
0.566205600307799,0.287280368192745
0.581599741821795,0.292378373876793
0.564281729139062,0.288894807029468
0.544884922309051,0.287660251897101
0.5619317418475,0.289205920113035
0.57458953381514,0.289647531405808
0.562652041016341,0.287933682580404
0.583433925713531,0.291044435024335
0.589209078046596,0.286828741217819
0.567341830903703,0.291254953901122
0.586011915148283,0.291053556084429
0.565685477210441,0.288288200071534
0.562225129890735,0.290049647402025
0.58125525583045,0.289330920393405
0.566980500425832,0.288811879195477
0.560020635588785,0.286292319610017
0.578266591936237,0.288759309604856
0.565350276471639,0.288925306447142
0.588668366952264,0.286391984721185
0.572052540113067,0.289416342058841
0.585786686683314,0.287990988394875
0.550629377121918,0.288387671945779
0.541099114790531,0.288732757091394
0.593137550174127,0.288657856875908
0.594683384640463,0.287056837654021
0.581535876113142,0.28778767931679
0.589165981252073,0.286463181472209
0.562136691124597,0.290805397391526
0.564990119235887,0.288598742131915
0.582157350018989,0.290005925491033
0.550969847419086,0.28803779683474
0.551619432807614,0.28933406674514
0.560564113537654,0.290229707014066
0.553624509920326,0.289018498313361
0.553298918719547,0.288395893044121
0.586493087938168,0.29233304808586
0.585622279359263,0.28971766044489
0.567714244451872,0.289545405763748
0.564745026819207,0.288264243128096
0.57324991226846,0.288596792483967
0.563688989346187,0.289602090046301
0.548027599146625,0.288264444953513
0.5944244581208,0.286279894628633
0.570669461394204,0.291104068274575
0.555471090175107,0.288008090758564
0.595740683973134,0.288752535905356
0.552558456818307,0.289222637518957
0.533967936004126,0.288962021398229
0.559073632072065,0.290377102634882
0.566047784973843,0.290802425237063
0.577187040279522,0.288393769751031
0.584884421401023,0.288615730140522
0.598727172983032,0.287459771559305
0.548003449719827,0.287278650070278
0.568356166428903,0.287105875197962
0.579935899203363,0.289638218846646
0.554089457279472,0.290739162545425
0.558044375001382,0.288232922356815
0.577876290270945,0.288921270512473
0.574763174480222,0.287858212527647
0.575678126549922,0.287038937771792
0.549770554600053,0.286075860835675
0.581475250041145,0.288622967017544
0.537022955332267,0.287219842286556
0.553471769748995,0.289457591475234
0.572771122631841,0.287044423443837
0.563531148547075,0.286975726148172
0.584562876773823,0.28719845299387
0.549035471433197,0.289642171286679
0.564619885001336,0.288429442181093
0.583038483163966,0.288474115755016
0.575696052464435,0.288029238694676
0.580293129308152,0.28862724607767
0.574566804571462,0.286706073625959
0.58004870736969,0.287154163705754
0.561052318174494,0.287138378979747
0.554552317672091,0.288221539131542
0.532536284898853,0.288112090212192
0.568196835515202,0.291769439343347
0.567184580987751,0.289215742397334
0.568693911925086,0.287827873162945
0.579611976067242,0.290176602704926
0.570060012593865,0.291471951352363
0.57404183192255,0.288139180474169
0.564993830971584,0.289278420296108
0.552548299082226,0.287260673370455
0.567420261427896,0.289225338042865
0.565657912695503,0.290567836400555
0.571900748238611,0.287951113774989
0.574856254138885,0.289311568531996
0.56555571179983,0.28871276205425
0.581172753800545,0.287288211483963
0.591340716072126,0.288098300417979
0.543235622897643,0.290386291258422
0.581932243062189,0.287746343076079
0.575662156592833,0.291178925183025
0.55859118972588,0.288274351355432
0.573692217919603,0.287599333991418
0.572270378978468,0.288098465650855
0.584728230565008,0.288467076530006
0.550377541508196,0.288972824662825
0.546754352492915,0.28974726276955
0.574102794746206,0.287673441954515
0.565308969516007,0.288181300106856
0.582195647037673,0.291119973552937
0.568844074516453,0.28806081213135
0.567173883073714,0.290755422629755
0.547849681064114,0.290336709036025
0.541054361424336,0.290641878728052
0.563349860067017,0.288592570528872
0.565079793154761,0.288185264950582
0.557165337268154,0.287265926635363
0.560604701119303,0.291341907363624
0.55701337282353,0.28673770138358
0.540203861599169,0.288555362934183
0.570004728921229,0.286332895224083
0.572734821766635,0.288070161305366
0.554216293993017,0.286595574071997
0.570502397524128,0.28960377651902
0.584424951667822,0.288723302461804
0.551002780036764,0.287959253079656
0.545481451584676,0.289800696602912
0.577041155771154,0.287529052184387
0.591915909503858,0.287828588841347
0.554752779648552,0.290545012527177
0.573167827700559,0.286539957809919
0.577372419617989,0.288096205574609
0.582638093160862,0.288848143397208
0.562565331165315,0.287725265273533
0.563426301366392,0.288059990186694
0.593432295338575,0.288161449864714
0.549165877904707,0.28914255324529
0.583516525673957,0.286613903416576
0.556955495418126,0.289075454010154
0.5798430095333,0.288002612540144
0.576954599441137,0.290926596936726
0.564549325246733,0.286228251383808
0.55412912396628,0.288275111823122
0.574818307925099,0.290008426054028
0.569770887128169,0.28689539328905
0.574089351086726,0.287606239694687
0.573338172900756,0.289927054764186
0.570223476162169,0.290468336420074
0.586536739556178,0.287651077356345
0.574316545924635,0.287848340844928
0.557044495552379,0.289996181376393
0.563984804947686,0.289761091121824
0.57109308892903,0.288758616452012
0.58065801978925,0.289024588682458
0.563012003429086,0.289117854247391
0.541288692642457,0.287382997320878
0.565554618120437,0.29055597517429
0.580683757075178,0.288061580499408
0.565812339801065,0.288467808828269
0.596169997290733,0.29053036108109
0.554928659138343,0.288510117401145
0.558600882395138,0.28854848319654
0.56482316042679,0.289785513317457
0.539448992849521,0.286993803558313
0.581746722292135,0.291191234292589
0.553123923229275,0.290140882472238
0.566472939072883,0.288755575262015
0.537675641756212,0.28673557941961
0.563710069020402,0.290930028005942
0.579331322056548,0.286512428379329
0.591357458881093,0.288038840814429
0.572878514752978,0.286987756582139
0.57026387897419,0.288254971093716
0.555063702010367,0.290204777827221
0.571149841463552,0.289833877672884
0.560470663249555,0.289368026077793
0.564538034448763,0.287707345927368
0.554391148329087,0.289202164672478
0.573791923918518,0.286664900902158
0.564449340851187,0.287278601847504
0.548890070175291,0.286655877781609
0.560734530255799,0.290459576563446
0.573741051648043,0.287810860538167
0.553863765609761,0.288768775801283
0.572514259584987,0.287689649346075
0.573375064462664,0.289835281794346
0.554599988449411,0.286356573162561
0.568737761951743,0.287738826641112
0.561901426760477,0.287048172991604
0.570593187384117,0.28785832852419
0.554062017107384,0.289413536030499
0.557082794844168,0.288589018914828
0.563526393461488,0.290506296412283
0.55018588562886,0.287324263936129
0.535005452406592,0.287224484902559
0.551919606529343,0.287892392624214
0.585091932595503,0.289302336608408
0.569958696291887,0.288373819971845
0.58855772043629,0.288606449576286
0.548312305806001,0.289267887888867
0.560259157770165,0.290548350466747
0.534084633085917,0.286422367975067
0.553565958356388,0.288901311898523
0.592960918270787,0.292307777051634
0.576295516774938,0.289611560964559
0.552554333988578,0.290592585709333
0.58064217172678,0.286785180242638
0.567422188532496,0.286886255164062
0.570320975162818,0.290370006028214
0.567350406543978,0.288528140003286
0.543903383138832,0.290375522774666
0.589472794445895,0.287450124576113
0.582945351687828,0.288721107802495
0.583773729015415,0.287300046862794
0.564966994229449,0.29286356476612
0.562414481596658,0.289805074284125
0.570787378216863,0.289137833325107
0.570485088098036,0.289512345539059
0.57031352340233,0.289060834384948
0.585053148880478,0.291134756017708
0.570352777936238,0.291891265638392
0.560187056400094,0.289283618766949
0.569985337784741,0.288967628540459
0.560683006661324,0.289777622385604
0.541906724579502,0.28691366912531
0.575456277849792,0.290460355568642
0.558616899342146,0.290222849074855
0.576172809286501,0.289525530669511
0.550796528920587,0.287498023269843
0.570050507730113,0.287563079090991
0.560529678650736,0.287637818431961
0.583010167717639,0.288045939493808
0.558739819682043,0.286738512797531
0.561694539164534,0.288294627553828
0.597414237800623,0.287097981038581
0.579783301391646,0.290791076579961
0.571981223518699,0.289595690994854
0.561313347069189,0.288758675584417
0.562126445543279,0.286759364891763
0.565996460517101,0.288848856678939
0.545058282771671,0.288208785082262
0.596535897824146,0.288739345636151
0.562056887380434,0.28834756850563
0.566984217135557,0.288130785634727
0.561098308808268,0.286983632719895
0.563112425102928,0.291349860697277
0.584699769315963,0.288687862551289
0.540658588816586,0.290513427087316
0.585474089365407,0.289371914161775
0.553727949945683,0.288984734185447
0.569376073685714,0.289200368269572
0.585545778627702,0.288168327445558
0.571616725340135,0.288982566733226
0.554235713353045,0.289321728280718
