"E","C"
0.517998216888289,0.327052976063081
0.527773708143699,0.327415912599771
0.524556543414337,0.329055600406206
0.520414046489866,0.326331375556319
0.543825941395064,0.330686639534865
0.530871096841206,0.326847503755434
0.530231414671518,0.328378802555925
0.519845747059153,0.326835400863633
0.532163472963122,0.332562267267197
0.532133295935013,0.329157180761223
0.529953457511844,0.327731256647858
0.512220023059864,0.327045309540992
0.516084519237995,0.325858073615449
0.522143783538081,0.325789789917116
0.516745266164887,0.323243197244129
0.532956096413382,0.3286874447734
0.507414971835813,0.324939408890566
0.524990810382312,0.326359517530614
0.524138962432953,0.327457512815532
0.532525747545932,0.330858975089824
0.502634283604942,0.32376212107602
0.512687096330133,0.3257448874712
0.54022658682356,0.334421798046628
0.516523491708752,0.327222091363771
0.545538728991715,0.330394189934576
0.502882877033635,0.320232781001737
0.539657272457837,0.333084370874131
0.525303661997955,0.331354522489476
0.533212989528676,0.328127302043659
0.501344225382526,0.322182386835064
0.537083013684188,0.328061908956252
0.543269372501969,0.332268326657309
0.521883304432937,0.328263507757867
0.525305829821662,0.32670939346098
0.543597596024888,0.328660049855509
0.541670495897451,0.330696986475583
0.508493533267712,0.325621587632393
0.526507238873474,0.327785382961929
0.536144275946924,0.332871199182033
0.507064968999638,0.324759715017332
0.512679083739477,0.325349185544862
0.522394674991454,0.328111936521293
0.5523889282052,0.334836992523889
0.497390404419139,0.321474180826644
0.526600749127353,0.327770415071926
0.517869959865531,0.325655112615117
0.555960651250442,0.332361754672109
0.528747176313286,0.328747910898235
0.509660309290695,0.324968146910318
0.506020442566559,0.32615260981502
0.556456876834227,0.332037724066199
0.527519476921024,0.326433171182395
0.53800396411843,0.329676671324675
0.526455727899212,0.330278438408024
0.507060079455569,0.322482961169632
0.526656986522841,0.328066823321228
0.500253242264372,0.322606932280618
0.526564752797047,0.330285021921982
0.524720957296861,0.324859065933491
0.515925819104307,0.326770158441098
0.507516576927448,0.32247325074058
0.51868167868102,0.327747667578869
0.527126748943901,0.328134545377692
0.530919429449993,0.32867902320325
0.526081277834269,0.328282979403298
0.521890887204043,0.328608278086821
0.496079689681351,0.320074811342123
0.487425690909208,0.319861656633486
0.50996207989152,0.323394851840178
0.524753426516786,0.324654854636326
0.541782997162578,0.329619178732167
0.508080474754898,0.323983162610755
0.537653908369564,0.328299826556448
0.51509121998919,0.326949989476945
0.516062698175349,0.325899041886452
0.526984602180041,0.328937950379308
0.532739815676151,0.331704799407251
0.501528355710091,0.319848785090196
0.518874998259333,0.327202640698056
0.501173515031329,0.321355852413795
0.537643193990483,0.331153866846623
0.517978088568349,0.327209447388022
0.521447955458578,0.327489829598859
0.493589254115766,0.320649497563683
0.524865163845748,0.328505132989244
0.500885209013661,0.320093610782186
0.535666900428267,0.329844524080743
0.562673521686496,0.338150992025803
0.523436162497332,0.330593531548508
0.515401016074467,0.324155404865595
0.535682557568375,0.327397643878681
0.528255309618132,0.329780833108453
0.531574603049463,0.331689312858173
0.550127479220408,0.33606282606207
0.502288378441966,0.320767005564653
0.52290303932968,0.329376978030342
0.517754132920057,0.324902077056363
0.541839407274537,0.332041310227489
0.508151516857136,0.321966108704031
0.508153612968631,0.324789176876501
0.498526956462795,0.320384185328246
0.537344029289485,0.332910738548526
0.503756818095308,0.323453478034636
0.51355864744273,0.325057847227932
0.511917386610268,0.326076065982965
0.51737331972384,0.3297929061675
0.519392723753327,0.325345780850472
0.504164392919137,0.3202254208939
0.520112390604856,0.32643728197854
0.511195042946716,0.323906245366107
0.53764057622588,0.333750441011185
0.530524227731354,0.328934476722666
0.524293226453544,0.327965127715156
0.525248343270432,0.329712682761035
0.513547994823877,0.326148843601009
0.522379626673755,0.330421759906228
0.543359920068608,0.33131838621772
0.50462324712027,0.324528633587133
0.513334102569854,0.325498848559911
0.516888125296974,0.326870730156221
0.503893519913491,0.323767147227267
0.534031582816734,0.336752518139864
0.513956626999926,0.324465549348812
0.509127318913645,0.321425727995139
0.54638298069,0.331002047977764
0.51918739365697,0.323949893193518
0.535002320518842,0.331850683609253
0.497642102467641,0.324449297876227
0.521394911330807,0.329361863537066
0.519447236360063,0.326373673483955
0.522701210036818,0.328439242075073
0.537330696662792,0.3295789723475
0.51449452100397,0.326639716688718
0.509411538843589,0.324903417890621
0.551498500475587,0.339361985191472
0.508256884250353,0.322707554039198
0.519581416516978,0.330447620703864
0.543179716817979,0.332816299157581
0.531039868804443,0.328335143978093
0.515649900796336,0.326326614657858
0.511984203683811,0.326459714768508
0.526638490712721,0.330816459302955
0.532048146487461,0.329264504351399
0.521270655275361,0.326730806650724
0.553932604553418,0.336014786120867
0.531651917624346,0.32930548190623
0.506818667401292,0.325883600670316
0.522452750657185,0.326774711110776
0.512171294032474,0.324607688438989
0.519015913130957,0.328615135438066
0.526124973823654,0.330189309575159
0.511941855796216,0.322671982885711
0.511480027472931,0.324513639354052
0.518548137940342,0.323493449849468
0.517574988882737,0.326670891065164
0.498771497601862,0.32178410960511
0.517679804896474,0.330489951281642
0.536641007219614,0.329895025253785
0.514975376121334,0.325427848899634
0.546680164376975,0.32872927354067
0.526454999452107,0.328766996550095
0.514652029853032,0.325057306152502
0.547995404815352,0.338870161287893
0.533301072026932,0.327999242225224
0.524092500059824,0.32779408540611
0.540382114747958,0.332716914604043
0.534429633460709,0.32933734957396
0.516663601160443,0.323870055337551
0.523600188054228,0.329883455617021
0.497671253472695,0.319145277837936
0.499834506792868,0.321220238265624
0.506791213742015,0.32282742444611
0.535523393734965,0.33196564019122
0.508960436440543,0.326207485321586
0.517026229248975,0.326378104574668
0.529588446405125,0.326651558230675
0.518831831479857,0.32797664699707
0.51498116230458,0.327708316368592
0.524974145649404,0.328626719723897
0.516190061424706,0.32881834526379
0.534274353228615,0.331107065327965
0.531198268719025,0.330215268658695
0.528974325282447,0.329275056477383
0.511375266901583,0.325031010545771
0.508058172043459,0.322069542036973
0.518735221774422,0.327664112222045
0.524596365856111,0.32687426266014
0.533762708547048,0.330297318967391
0.528004565585754,0.328877022017487
0.528167748060527,0.329321205898582
0.503698863736715,0.322999547403102
0.516141699136775,0.325790104870098
0.544712539902458,0.333101066808501
0.512064335954492,0.325588213751971
0.543588139919374,0.335113069836776
0.520370079253911,0.329677024324081
0.53119478106665,0.330069042381658
0.526557056446642,0.330138724177742
0.48825600177055,0.315958914484327
0.510213822731395,0.324589474723088
0.523724322707812,0.324917840814794
0.513180832789653,0.328893641949943
0.511425407548763,0.326404901349756
0.562510149252812,0.337072980565628
0.543156882641209,0.331182860973699
0.493556447392912,0.322215932013197
0.520760416528061,0.332253342600233
0.517891738823218,0.326100099106582
0.482770371995422,0.316249862412788
0.506012344508456,0.325901671219494
0.538086851452948,0.331343431683128
0.50441401969947,0.323138298047593
0.519184678163234,0.32811883856894
0.538253442502293,0.330743376056238
0.529719749624206,0.331339194748983
0.510821005565042,0.323345742184728
0.530121098889132,0.330491985678761
0.534055630019289,0.330708247959625
0.523689980698408,0.32481850288409
0.546865282880141,0.327819759909498
0.520782874141275,0.326706295040146
0.537296599656209,0.330315951088857
0.509547381941063,0.325713147620046
0.550453168929089,0.328638447906895
0.515322463144804,0.326717725229533
0.501837012246652,0.319967970551816
0.525155210215072,0.327444135705142
0.553171511072668,0.332235696823845
0.526390770186277,0.327727465141736
0.531623541168081,0.332378611665127
0.522521357058842,0.326508834993096
0.51495127245286,0.322254343853445
0.503475522583995,0.322724720565095
0.552108282088494,0.337874315722447
0.513669150592979,0.325514501721465
0.51214839827091,0.326758224247402
0.536200476725691,0.328392648148338
0.526090274934929,0.327364795333703
0.521150058082848,0.329464401537578
0.507382344161179,0.32697422422884
0.507062073065872,0.322549479952894
0.549201046128727,0.336169329818121
0.534553091116868,0.326093243690803
0.53315388455896,0.326157361164238
0.5222411257299,0.327926843188527
0.53029159873064,0.330164726757779
0.518524362950992,0.328121173941839
0.550512233289872,0.333253561034856
0.534996846793714,0.330052586828929
0.518711331359246,0.32285034398907
0.522536601584228,0.327419140846251
0.518885160783148,0.324786047277793
0.543359870131313,0.333536539222266
0.51942930378211,0.331053666453557
0.524044113553496,0.33031845963146
0.532305078355745,0.32755464959151
0.528208458933767,0.330763222098108
0.506290337387128,0.322020868597787
0.532655329083647,0.328548828066874
0.534341479914372,0.332342482415165
0.51229416848115,0.325179203865418
0.526313218236347,0.329875406687138
0.511941674870856,0.329871762328831
0.509841075205093,0.327397591629987
0.52786523783187,0.324426655485976
0.518485977098542,0.326860902140743
0.507172293733926,0.321755583434125
0.514111892248545,0.323941352540077
0.523334749952694,0.329988918525527
0.527997078795798,0.331292578711857
0.514197344820622,0.322138775015054
0.522637023125342,0.325735137645838
0.534780107972434,0.330897019098872
0.53796989487046,0.33192470024971
0.515646786155976,0.321908762348265
0.524836712997088,0.327817152222891
0.5402107906901,0.328323276489734
0.536227466886675,0.332540930304624
0.496502940030283,0.322186759705454
0.508680166757177,0.323746060323858
0.545096156972521,0.3324649192408
0.506715390806888,0.323886541019193
0.537106568905364,0.332202315168799
0.533250905859851,0.329315228524387
0.51885069407004,0.32665103326387
0.516576755464097,0.324925978267373
0.519759574787249,0.327607730642234
0.515356986684197,0.328697789675023
0.523715398773424,0.328713355981769
0.528419651673694,0.327350800997362
0.512141520811693,0.325998829539077
0.528174306626339,0.32152510572785
0.520132101840748,0.3280132211739
0.529933061930911,0.327407601699524
0.550460414841051,0.331308249201256
0.517719469793316,0.328802817635077
0.545809879136422,0.334190586365989
0.514650617375399,0.329023905332049
0.520623483307726,0.328110611314289
0.533452018163329,0.326801223877405
0.498961731291376,0.32136582565979
