"E","C"
0.996689626960416,0.0043567222393801
0.993110863737259,0.00909189034030413
0.992261562216836,0.0103042713602595
0.994437527112246,0.00719830542927585
0.991997246963514,0.0104543651681063
0.983184426675348,0.0219532178320816
0.992909180736425,0.00915041568942855
0.991636578274264,0.0108794054928585
0.994116483576035,0.00771721014583763
0.993707921433236,0.00827316454872759
0.988597440553638,0.0148877751471229
0.984895118700397,0.0191738474099305
0.989567715367658,0.0140432452461089
0.995072403110628,0.00648077212119483
0.992750063751878,0.00931372167896481
0.996164932008776,0.00503544423276709
0.996311960470519,0.00480851727609246
0.991051674456842,0.0117604027553829
0.989490531152154,0.0134760521795515
0.993654575760399,0.00820598314885563
0.996518363331067,0.00450424962755981
0.993705455643228,0.00825876132052107
0.992926352566841,0.00915275340587395
0.991924193076436,0.0106749534545433
0.993497423903519,0.00855825394652754
0.989543372216036,0.0137013978171162
0.994569252723312,0.00700471613850035
0.994131945208364,0.00765893675304636
0.990274694827627,0.0129827531406066
0.997918865424185,0.00273869838166662
0.989748048228166,0.0134746831674374
0.989138292296623,0.0137373611215952
0.99326114612791,0.0087975076015959
0.990717231359132,0.0117362690143616
0.989816947568676,0.0127899236727207
0.992837080883869,0.00939263692732412
0.992014783475628,0.0103451944244982
0.992302448675854,0.00999192857564484
0.991180323164335,0.0114819152352795
0.996085240273161,0.00504376352588645
0.989549973952881,0.0135914362153591
0.994309562579762,0.00748976067929552
0.990130555558006,0.0129172954168821
0.994484340414515,0.00716713907433232
0.990634748636352,0.0120564432454884
0.993391025843604,0.00843277966061491
0.994883662922605,0.00667968912450511
0.99394461419676,0.00789085958230594
0.991109212309655,0.0113027354456042
0.992985542770405,0.00909067374218261
0.994334541300018,0.00737898691359321
0.99453847363176,0.00727620305557173
0.994500628500939,0.00744834656926506
0.993903573116097,0.0077943434388818
0.994745156463555,0.00686411464817097
0.991134201721953,0.0116277895298001
0.997301702907137,0.00351652625633673
0.991353013913003,0.0116019103537287
0.991238186147074,0.0111167441610177
0.994057128648196,0.00776038181058862
0.98759953424836,0.0158267240129625
0.993589876423632,0.00836253050349303
0.992103944238494,0.0103958645452758
0.990848790847235,0.0118841748686163
0.993211804531062,0.00872844960340864
0.993017971094999,0.00921926102442652
0.992218532916104,0.0100122097225899
0.995162598637523,0.00634374960031554
0.995149533166231,0.00631947445766706
0.991889488793875,0.0107160230724767
0.995829761657718,0.00545812148897139
0.994248954152692,0.00755026296813926
0.993055702286414,0.00894358715057799
0.991525233282522,0.0108700098626291
0.991826874185494,0.0106609148988205
0.994785491506782,0.006846013288263
0.994305498564584,0.00735848744761886
0.993027874699901,0.00913461690334837
0.994654530161558,0.00727483734175698
0.993962601035152,0.00780395414513607
0.995204943682844,0.00619646711208092
0.995096991514276,0.00647410016694215
0.988422435662049,0.0154095280339837
0.99415676602768,0.00760753431360619
0.993983306299287,0.00782982866025038
0.988756881285008,0.0146514904244101
0.991941027071357,0.0105839924529791
0.990319716974467,0.0127225002701229
0.991526934719177,0.0109207846591315
0.996983829985022,0.00396659134533601
0.986677729558347,0.017123209833838
0.996557456071916,0.00453498182056334
0.994392170634258,0.00736502335352808
0.991919305753844,0.0104935413165018
0.988593017929136,0.014566244215233
0.993027843739225,0.00896536314708089
0.991122904684165,0.0113186710380847
0.992656503318508,0.00957726376239288
0.995980007160814,0.00527865478369726
0.993874263986631,0.00806788269763391
0.997520716829292,0.00323676445682303
0.995684131101592,0.00559481071234317
0.993043258173986,0.00902806545348336
0.988340459369727,0.0152993486630737
0.992423298247783,0.009896546261288
0.993768129128084,0.00799431289353128
0.991127332945341,0.0115702659983429
0.992786213059242,0.00952268901652522
0.991026148527253,0.0117610123409978
0.996769391311313,0.00420843216761223
0.993576804298906,0.0081779685459553
0.994457130893379,0.00731971096395161
0.991939762989318,0.0104811869507322
0.993613793403291,0.00837027829269139
0.991722046417102,0.0110003090623581
0.991237789726152,0.0116641812756054
0.993290689404174,0.00833294068475771
0.994069249128389,0.00785629073337191
0.993919195713926,0.00795222808650524
0.991665407878442,0.0110081382518059
0.991413050161269,0.0110509156678738
0.992686030194732,0.00935711474287012
0.989431836134676,0.0136439876929189
0.990542426995876,0.0126331585071597
0.991538438325182,0.0110166832558908
0.992729145522882,0.00974658652273497
0.994366967505916,0.0074530355727585
0.9896500555038,0.013765063857353
0.989718109168567,0.013366387965877
0.988957603280228,0.0140119874439718
0.995464628983794,0.00592325520688932
0.991864023704877,0.0107359195425074
0.992053858285417,0.0104080407067613
0.991723028349973,0.010784978797463
0.996169289123155,0.00500494439227512
0.99465685222133,0.00692430226854861
0.994644598655614,0.0070190280678389
0.996320200561934,0.00469213188450862
0.996400845945825,0.00466781587512334
0.994797540777245,0.006954361313722
0.993892761621973,0.00786380955669114
0.99446536497496,0.00719923292406718
0.996054481434659,0.00516563928152525
0.9946023805569,0.00701050572040412
0.995883082108715,0.00533066361687701
0.988266464027219,0.0151301363953363
0.992066771955428,0.0101702989155059
0.996196592156289,0.00492997729670705
0.994328101636838,0.00758260295340769
0.992628653078834,0.00970201742188661
0.993568179658022,0.00834415231314187
0.994336364351238,0.0072093294530503
0.993152967181613,0.00873379422238585
0.990085719503206,0.0129707578983601
0.992715088219408,0.00969149777412611
0.992355433482443,0.00994325371502551
0.993788794233961,0.00824253237543715
0.994522582533964,0.00700764544779085
0.991531128550955,0.0110852027495752
0.990522984405721,0.0125752409213672
0.990316502404995,0.0126470302422847
0.992582648181738,0.00968173380332776
0.992768131392454,0.00958685634172976
0.990742071067268,0.0119349434418515
0.996837199974168,0.00418507828430784
0.993773422329394,0.00809532263362465
0.990862825600438,0.0119914026222793
0.993116930305964,0.00904518631472117
0.994383075351915,0.00726672483569387
0.993479760551546,0.00833691254213585
0.990230979704138,0.0127125276513843
0.993964848298611,0.00785779832262853
0.989645359707085,0.0138508212130697
0.993380418594289,0.00857061091037786
0.991138961284579,0.0113636276608954
0.992604687493139,0.00985117758789434
0.995270451936343,0.00608863144703392
0.992708784401216,0.00945166940198789
0.994663396309898,0.00705314784451247
0.991089773901802,0.0117644985367881
0.993932140505301,0.00793754366214038
0.993267584189492,0.0088581971404246
0.994509196123499,0.00711490887879475
0.994138962504966,0.00760423027536437
0.995199798341029,0.0063654707761077
0.991492262340923,0.0112492162986343
0.994078539541481,0.00760038621869617
0.994916579649602,0.00654159130807713
0.996494070422143,0.00460738614098108
0.994450547743603,0.00733214551205528
0.996216733666641,0.00487548972085496
0.993984845907286,0.00774757299905544
0.994011285852307,0.00785459474297095
0.994724884917499,0.00693682785673342
0.994288655647352,0.00758652772143886
0.986024353957327,0.0178017667648016
0.989248915409267,0.0139874958624802
0.992425819502642,0.0098725477331244
0.995213656819293,0.0062629584201671
0.99685995584643,0.00413396013096834
0.994260858334454,0.00739950881559374
0.99389195195738,0.00801923019547544
0.994644970415491,0.00718320541685061
0.992792190210315,0.00940230671901096
0.994905593024232,0.00666861658600026
0.992332260907185,0.00959228996645816
0.993060548175563,0.00899303168401114
0.992965241588396,0.00922477617556038
0.994959069230499,0.00674804053354426
0.99107326064824,0.011651020118743
0.993120195792385,0.00886732159380828
0.993702355836588,0.00833049765574062
0.992845735260619,0.00933082725018146
0.994557903297504,0.00720366916424487
0.994242140361736,0.00739356471896089
0.993115116535297,0.00897919712030471
0.991254416148735,0.0114820433287906
0.993386886307281,0.00864365351921593
0.992563364264697,0.00975822380557368
0.996504565128831,0.00452248097305839
0.995858955517775,0.00552133143592309
0.992812125031247,0.00926848938685025
0.994360064957799,0.00707079389315062
0.994414231058186,0.00724820186801519
0.991717937446111,0.0107251886361786
0.993808599133087,0.0079772653914492
0.995656940621287,0.00565075267745066
0.995147243500066,0.00625256566504289
0.993709289502692,0.00815678340001318
0.993231142127838,0.00871785660764958
0.992818307288797,0.00951547109049978
0.988899683268437,0.0145015210779995
0.994168012217303,0.00763922086538303
0.992639739852578,0.00960213409309559
0.993863985259143,0.00812250645454515
0.988763613177527,0.0145794557204444
0.993362923174402,0.00877565032206097
0.991921636145616,0.0108092613338833
0.996563451953295,0.00444756164763082
0.991493638451712,0.0110824025714447
0.995938391987898,0.00531964806787822
0.992389437504012,0.00983780755130548
0.994743864557761,0.00675695799099193
0.996504948460333,0.004568568875918
0.994911186022339,0.00666649526388337
0.98946041482491,0.0138160080094408
0.995164811032457,0.00624943383110109
0.993966859336169,0.00809569469512124
0.994056213676539,0.00769886891280649
0.994672770606848,0.00703908013988434
0.99395197874365,0.00794622099043239
0.994560401926157,0.00701481849083488
0.993596730815833,0.0084263626047622
0.995246492720403,0.00635534851716667
0.9844409747595,0.0201637386157376
0.987879539230037,0.0165221708221335
0.993641400528877,0.00836077741266353
0.992977225275261,0.00928294841110633
0.993304687794103,0.00880582201639649
0.991680416602358,0.010712841024813
0.990471405970787,0.0126912675634544
0.993993575731051,0.00785053135194764
0.993948012039812,0.00783586326520346
0.995930329568889,0.00535723905668754
0.994891976701458,0.00629521047260152
0.993521337468559,0.00861259121754622
0.994656087584149,0.00694653463358605
0.993838214738285,0.00791093922878062
0.991996905779036,0.0102417731414175
0.992446825246432,0.0098617684314119
0.992860314027732,0.00931165854829669
0.991904928872971,0.0105992861096418
0.995722687745709,0.0057110897141251
0.986693247717723,0.0174285218441134
0.99491636845177,0.00653677511208343
0.99632746498662,0.00485040173901715
0.994437223303778,0.00724093941256676
0.9894026513931,0.0138361326945816
0.991501964566842,0.010928533286117
0.991396872905808,0.0111600049859824
0.995076420504498,0.0064779682085819
0.995383529442059,0.00609306481362193
0.992676601777486,0.00978319129323561
0.991345465952692,0.0113225928110055
0.994050174915408,0.0077141948012674
0.996521564344131,0.00454920062108027
0.991705059736897,0.0106325861411363
0.994948498933225,0.00657669126477272
0.990486663889437,0.0121361776580694
0.988053886745437,0.0153388372583708
0.996822953346964,0.0041380867786923
0.992871028949384,0.00932689366581874
0.990826256646907,0.0118606058024145
0.993535058642916,0.00854052107968343
0.995642559658795,0.00570797961881745
0.989437704055333,0.0136958401740793
0.993121571937751,0.00889887468314584
0.994335707622751,0.00736013210096998
0.993772162892295,0.00805672160467566
0.995304663141864,0.00613764104808757
0.995023017605825,0.00640863454008854
