"E","C"
0.858540457764278,0.229727302405732
0.858983731690074,0.228613543311133
0.858825482487614,0.229269686704548
0.859053644262634,0.229361348564997
0.858776142012639,0.228633590716342
0.859524586051112,0.228123962571371
0.857657452290484,0.23036504227855
0.859130508548471,0.228703571948983
0.859243537362229,0.228182188111146
0.859268802772352,0.228206210308202
0.859550078242845,0.228521921807326
0.858986215146678,0.228630716359539
0.859046181673857,0.227745405549792
0.859779487653486,0.227494041367231
0.860072795385311,0.227387264624032
0.85935732987396,0.22897657640636
0.860387369516686,0.227032897092229
0.858609732157381,0.229258216120288
0.858260147767167,0.228611576091276
0.85868500303676,0.22921160042721
0.859588820200087,0.228120428908289
0.858696227201397,0.228735143490156
0.857375379768847,0.230825094512583
0.857710507809218,0.230476411258934
0.858382807057349,0.229683952753687
0.85971666474272,0.227734403691677
0.858183717156615,0.231311404203244
0.858036493435995,0.229406877946719
0.858661404729078,0.229554878621478
0.860292262030426,0.227435592196959
0.858461651906908,0.229018982518109
0.858825209950957,0.229367215014307
0.85736744752174,0.230764455325355
0.858091372763986,0.231313684891043
0.859367713257749,0.228477861133728
0.858694657261325,0.229482811205353
0.859156478266052,0.227846283773401
0.859403927856104,0.228878165218213
0.859620258687705,0.229191378842474
0.856808759787659,0.231859120713599
0.855584016996893,0.23251080696029
0.85731872423962,0.231237715643639
0.857818633915213,0.230012737891727
0.857968796014943,0.229068327588435
0.860488505429002,0.227233391297249
0.861386835530282,0.225619364636043
0.856441597425783,0.231586950663522
0.859129854114543,0.22848332637709
0.858111838403782,0.231301812709393
0.858608473759399,0.229067189603032
0.860925330488266,0.226199796997614
0.858321369451363,0.230248466201208
0.858266080515948,0.230552468406265
0.860905678193687,0.22682990517467
0.858954264709297,0.22832965341038
0.85704992879528,0.230645977372651
0.858473538688153,0.22991511956916
0.859760055936703,0.228767703654695
0.857523066415893,0.230641224844852
0.856292303199833,0.231940651590314
0.861030389704258,0.226833011060301
0.85897862278552,0.229455033523934
0.859271465310412,0.228466426225664
0.86003413057905,0.228085228158098
0.859296961987562,0.23022716538707
0.859771386188071,0.228061414631021
0.860590170250859,0.227866775796748
0.857885753688833,0.229226851465967
0.8584819097534,0.229073716431964
0.857859863206381,0.229412991468263
0.86039008832689,0.22749218981258
0.858243056993713,0.229965561586707
0.857720591563527,0.23141093858137
0.859202639573805,0.228430687904141
0.859418494919575,0.228578111468248
0.858320484843976,0.22843521740814
0.860029869035711,0.227749815213622
0.859911529500905,0.228439753354399
0.860087729459413,0.228574919604058
0.857282951911755,0.229710101318961
0.858291791498034,0.229426384252705
0.860354321880523,0.226673699589847
0.859627518501935,0.22726381086876
0.861365852431784,0.226317508565886
0.859787517873359,0.227839458501825
0.860503514700345,0.228554296450728
0.856741283181765,0.23059112371505
0.858218519375286,0.230212779326166
0.860536803359035,0.22732126079159
0.857013870705124,0.231662083290676
0.85697314813062,0.23013009830925
0.859240731113675,0.229537719116527
0.858993432228999,0.228019290276036
0.858943559711694,0.229465608462863
0.859021683351065,0.229223500998557
0.860241812677971,0.227644448985642
0.861089448214193,0.227736248568296
0.859469428254481,0.22865637564242
0.859739735461221,0.227834270888514
0.860712438873971,0.225964202833579
0.85613670639809,0.233076861697718
0.859429781214581,0.227206240420564
0.859404918676358,0.229146132721498
0.858738144912196,0.228958522712351
0.858889560437598,0.229743083994795
0.857255980768912,0.229536439517477
0.858983339065846,0.228301857481655
0.858513171810847,0.229759352178667
0.858840255139178,0.229193798136176
0.858714027530932,0.229651917946761
0.859394927232523,0.228437851634969
0.859894986890525,0.227643304844953
0.860679657432655,0.226901596107416
0.858432753111595,0.229254503091292
0.861464401254024,0.226272479515202
0.858582596488534,0.230224698725977
0.858342707049805,0.229911546222505
0.856979490581951,0.230587670419054
0.857745374041618,0.229898242619195
0.861140758434193,0.226909529633696
0.857404249578423,0.231074105478977
0.860774176314743,0.226852185304003
0.860539558147866,0.227404379364556
0.860349439614125,0.226436887870819
0.860319693114389,0.225871777005983
0.858729604986959,0.228811195305328
0.858072779018405,0.230608358510167
0.85924173329858,0.22945611251051
0.857899460557689,0.230970345681136
0.858699597052057,0.228436110124621
0.859523823816819,0.227445499861047
0.860380028702968,0.227728025949719
0.858216805771962,0.229981072636176
0.859561589909271,0.22834714909165
0.861374901086936,0.225691669283305
0.858592618737685,0.229824208859789
0.858262412904952,0.22893435479429
0.85839612412794,0.229663415876335
0.858314798233479,0.229523458657397
0.856531665441872,0.231626427817992
0.858680454299048,0.22870605103262
0.858016993493125,0.230001467645537
0.856326138693327,0.23214706802842
0.856902778084751,0.231069976546231
0.859604181358296,0.228740146105654
0.857607454458784,0.229789704362657
0.857628552886237,0.229680134578046
0.860583571257205,0.227436154736523
0.859618949337981,0.228811242970189
0.860573904975134,0.227482636951025
0.857341758551129,0.23090742179517
0.859275723818597,0.22834160478523
0.857515928009214,0.231057793765808
0.856160187926086,0.231799163177885
0.859847106811844,0.228800599638962
0.861321409718639,0.227766623270502
0.859484533259743,0.227799674429564
0.857374105908323,0.231296097038893
0.862067045779278,0.225786490202287
0.858913085260091,0.230129431403891
0.857949535041977,0.229580071380835
0.860642072787271,0.227466934804678
0.858231507840069,0.229952117288583
0.856939972728635,0.231303556502858
0.860322280197832,0.227094091835266
0.859140383498698,0.228686044819791
0.856684894552273,0.231399966020672
0.860770719876531,0.225733458685745
0.859723386438875,0.228333948528719
0.859174194771847,0.229492188217522
0.858604889098066,0.228968627632629
0.859924987985373,0.227961632054219
0.859142209938436,0.228476821630838
0.85978791673027,0.228415590382139
0.859883818810651,0.227620734783073
0.858285524657617,0.229121765595198
0.859123742545801,0.228111426884231
0.858398640846932,0.229726214370746
0.85893706727129,0.229500409656071
0.859635874025956,0.228316086846403
0.857123101783631,0.230767684694352
0.857973015899204,0.230232276007848
0.857969861990431,0.230609786132289
0.859132202480535,0.228940084600418
0.859551625401689,0.227997444459773
0.858589103446187,0.230412974897875
0.858511510069572,0.229465909545326
0.858971296429869,0.228279834184053
0.858346902635458,0.229007654711806
0.860727001391838,0.226763310796715
0.857769118512414,0.230734377317785
0.857470913343663,0.229017455953112
0.859616805089924,0.227707921121325
0.858827792129224,0.229503339065988
0.858406400772444,0.228936773175496
0.859246519398798,0.228595500827382
0.8593921651132,0.229312626379613
0.85950088556516,0.228017364562274
0.858923331984006,0.228351379299254
0.856715276937601,0.231318603445598
0.859007903582487,0.22809423307888
0.860085302525222,0.227511773774811
0.859268748551863,0.228498590839312
0.858269105544051,0.229821980556501
0.85844257768709,0.229181332553927
0.855863115337383,0.231966407734083
0.860273055849065,0.227819174941239
0.859229979114297,0.227941317855581
0.860028554083577,0.227799376241345
0.858835127784475,0.229194185078393
0.858389649076929,0.23008612759166
0.860833744238853,0.226418936180769
0.860489449063442,0.22742748593707
0.860229920388603,0.227533459664237
0.861077052580572,0.226765749935926
0.85834051061162,0.22956323522038
0.858535450221644,0.229823827748304
0.857036010198314,0.231226285603658
0.860456792301411,0.227088703197328
0.860060147418649,0.228219752815739
0.861101352096502,0.225802604314199
0.861990486671961,0.226372002019225
0.857959102321675,0.230001956300619
0.859971886920953,0.227010034080741
0.857701759207193,0.230260625283344
0.857131131033052,0.23209860874219
0.861792787180283,0.225450516561818
0.858751044247712,0.228750084347563
0.860836029266685,0.226664381421236
0.857857918657213,0.229196878848643
0.858291628437018,0.230207603124061
0.858846427633083,0.229251845578009
0.861249619546384,0.226340729809825
0.860177138576616,0.22780730005228
0.858768560313086,0.22905117043344
0.860953197636217,0.226239408398442
0.858802043803324,0.228809831998992
0.857906865810072,0.230382305577342
0.859052863578105,0.228130258747489
0.857073207878632,0.231626324082457
0.861308226464144,0.225407470875605
0.859063481655774,0.228761650513627
0.860053324041365,0.226950605563066
0.859416830889753,0.228548761778459
0.85757530118024,0.230577787887832
0.856285998591888,0.231792940842912
0.857364676960252,0.230624857002123
0.860132542144474,0.228228393678227
0.859513733433336,0.228552091297114
0.860526255806411,0.226694932216785
0.860304876367519,0.227187483171663
0.859553851522602,0.228269180771837
0.858518765854914,0.230284339642892
0.861342672235764,0.226710363431248
0.859245731847334,0.228537172693781
0.858984197341829,0.229014871793779
0.856265675697411,0.23182777896682
0.858732098451632,0.229968400783823
0.858035088187577,0.229736016420308
0.860422860508661,0.227679912812911
0.861523566167833,0.226155691444925
0.859514401912043,0.227486178596446
0.85822054155433,0.229427499743874
0.857157297135136,0.231113083833715
0.860222179450986,0.227638696955782
0.857796886587073,0.230258600888758
0.862161348263937,0.225202552759016
0.857052663347381,0.230637170023746
0.859551379704241,0.22747373627742
0.859270795403697,0.228339476775007
0.860828705572823,0.225829222631368
0.857636740971402,0.229862607424426
0.859561507192476,0.227975858964855
0.860424985912954,0.227189662411862
0.857547300198445,0.230530399215241
0.856291574129211,0.231788394904293
0.862382205169191,0.225196391650782
0.859773974386503,0.228348997982142
0.860945680418475,0.226151180090473
0.858006680117813,0.228962691472084
0.85917622493613,0.229579015083601
0.859449010534419,0.228939881068849
0.856395196502327,0.23200408456515
0.859234882437663,0.228449294124237
0.858627815571388,0.229445374728401
0.858219948952433,0.230874198934117
0.859900601559065,0.228848173317368
0.859919007117616,0.229031670017608
0.856700165675279,0.23138728548786
0.858766971214621,0.228235572048373
0.859324825086404,0.227292832104483
0.85949284626334,0.228748310954757
0.859879788719584,0.226992518522228
0.858145194473176,0.228890783829693
0.859160165409455,0.228543388755348
0.856690669545306,0.230635422914649
0.859151287956837,0.227708900826289
0.858152335591805,0.229810229912822
0.859053894496869,0.228947670660975
0.860229819082476,0.227365034930746
0.859144150394036,0.228674944864015
