"E","C"
0.487826896753378,0.310578482762471
0.484850486231282,0.310055121564553
0.4690278288931,0.304991816714546
0.46918239609825,0.304250319298815
0.493000259073826,0.311006648078534
0.473455934835559,0.306191711600342
0.494777980314849,0.312571606072491
0.486477212922852,0.310073988939401
0.48224152203917,0.308423597529639
0.473638633609961,0.307165565408847
0.491170372861721,0.310755677717965
0.491149367560594,0.312254383280457
0.473065451531208,0.306356262281035
0.483508462458936,0.308761534270242
0.484736727963842,0.309045275840552
0.4904336258386,0.309964546448567
0.491827031380906,0.311066396142414
0.493544622565693,0.311401818647158
0.464723559935867,0.302869356340796
0.475023293893305,0.306505688551813
0.484322147610122,0.308871328908727
0.473782472885422,0.305940695966929
0.480179594357365,0.307856345580128
0.487276157064376,0.309788575437814
0.485855379110311,0.309051344793784
0.460173509033133,0.301674404597371
0.477858205771789,0.306891884263532
0.481654704417176,0.307502258525574
0.484524612587009,0.308386032218777
0.484872908673004,0.309013845422466
0.481985904953224,0.308977120621368
0.484326814579038,0.309793509234081
0.486337341470295,0.309892498807811
0.489146590082929,0.3099855290602
0.488705302598712,0.31011514762488
0.470970997594257,0.305326352908787
0.491103153986176,0.310925177885993
0.478949232797135,0.307249006629833
0.490808850121803,0.310725231784989
0.482724193602062,0.308388613688448
0.477304989423217,0.307741784916418
0.478160353071107,0.306756257565029
0.472846915279365,0.306296854881794
0.462916019723256,0.301810983123562
0.470946107224491,0.304262584004073
0.493329640812615,0.310255017752578
0.479669505400909,0.307875066713534
0.48239980865817,0.308763386186891
0.492538096489548,0.311297362934096
0.494528578555788,0.313654858019782
0.486491594444549,0.308991913628312
0.480087806505191,0.308620275180973
0.481628158170668,0.30844530680998
0.483959175260632,0.308748491523014
0.476877596620577,0.307064986002531
0.480891728431102,0.3081027608378
0.489384088763849,0.311667252814296
0.472754600052923,0.304991108089263
0.485908968141106,0.309161377846742
0.47675171009273,0.306802512685975
0.48369818316179,0.308522584878681
0.480481115035118,0.30777061841138
0.475062786214264,0.305183185435665
0.489385331882328,0.310672430396496
0.480617077549116,0.307835676136075
0.459993063195461,0.302662926519805
0.474363687625556,0.30739841688135
0.478536808421224,0.307927510956829
0.480127882690227,0.308167497495459
0.472089883300769,0.305178741917259
0.48094308545554,0.308645107518697
0.479873503095243,0.308459411998786
0.468708680754467,0.304499607932538
0.488721888145243,0.310250857111153
0.489740983992144,0.310542941195321
0.482525305146941,0.307670298205074
0.476885346924914,0.306398856716696
0.476033209962724,0.30647251695488
0.477265340316838,0.307418822353475
0.486511978699226,0.309127345851364
0.484716403161809,0.309590208946954
0.479805972852974,0.308538259447357
0.48380244226612,0.308880682272608
0.467787183985455,0.304190387754819
0.484992566797227,0.308505311603724
0.487234958724001,0.309494088606621
0.458902151071158,0.300724866127753
0.482062947916066,0.309134756977401
0.484415064186738,0.309040630028227
0.487350497414963,0.310182017116289
0.47805125765291,0.308598377175557
0.482464042093374,0.308380504859743
0.47464460713835,0.305857268188328
0.474913550460531,0.306451193164306
0.473050587440072,0.305987912525743
0.481103542300956,0.308016841376637
0.469353486743833,0.305056289293872
0.48445488112292,0.308700683942218
0.499945308002764,0.313169737075511
0.476932492720829,0.307300633921791
0.488594295336608,0.310400596812498
0.491624182849018,0.311601936820905
0.457636254027604,0.300452661499793
0.481045089239217,0.308117866885023
0.480075294082342,0.307773267629703
0.473824806654912,0.306975628557196
0.477370714812104,0.307187073448952
0.4770480116655,0.307944969919467
0.48618020647145,0.309461966561486
0.487328993033551,0.309547231094032
0.476397149460867,0.306495948944464
0.485419821588128,0.309360418279151
0.482264378456695,0.308855931188206
0.475911685737554,0.30654692854874
0.498458626482677,0.31270129875165
0.488015133825607,0.31065278069431
0.496061062939256,0.312709037065071
0.489835946527685,0.311010050692018
0.491171134451928,0.310834571389713
0.465168122776954,0.303220897494913
0.486945722016514,0.310609189281706
0.478350032467323,0.307469024936272
0.484630588856241,0.309593867287401
0.477798504964587,0.307137509582508
0.473677601460988,0.305262084902461
0.466982036364688,0.303561154988529
0.479281580038741,0.30769991128897
0.471118477863691,0.306224223714187
0.464949026033185,0.303258289475953
0.498612243541484,0.312949327346094
0.490690935434408,0.311649885273552
0.476770258275403,0.306146005645613
0.490315131114528,0.310413213443487
0.468066055097316,0.303235254444841
0.48851952535401,0.310454082339703
0.479255780975103,0.307015526324001
0.474371810516478,0.307408548492333
0.478992613675875,0.307089232444209
0.487144596121261,0.308673913738225
0.479554181929886,0.307294759021201
0.484455830700277,0.308388488901544
0.48007489969884,0.307342450544714
0.487616926932024,0.310615369296224
0.480213148253897,0.308540852941106
0.488562384682934,0.309269142492194
0.486193904725881,0.309671538147406
0.470132997214039,0.304241153082005
0.483328927387717,0.307936261236298
0.478188115272145,0.307521455567919
0.47130778622699,0.304735337516455
0.478399850785033,0.307666925308318
0.470286919654891,0.305474916004148
0.478438945641604,0.307280012515999
0.49107991317755,0.311511537043196
0.473224903846951,0.306238762227412
0.486637423162987,0.309518504600224
0.481711052101777,0.306982419130677
0.486501385905482,0.31018620791998
0.480737536833309,0.307698209472508
0.463814080669858,0.302258977712116
0.483112964394284,0.308054966734153
0.455514027956241,0.300202229836693
0.493493752837265,0.311801863181079
0.485482999995958,0.309504608906651
0.479492009728636,0.308385237681336
0.474227384621934,0.306403982923821
0.489273764400606,0.311428789184836
0.493031568278738,0.311308752746035
0.477351524256599,0.307782592819484
0.494411978379107,0.312295495762614
0.480797977723596,0.308521082584676
0.492746675600677,0.31324767079859
0.478374501461276,0.307911743837049
0.473559979346499,0.305451999889878
0.46744464788305,0.302775019350617
0.479861005675303,0.30716769471161
0.485609585657161,0.309888631426217
0.480800161844705,0.309244141986211
0.471364815495619,0.305230150446644
0.486588423880483,0.310140274075023
0.488221030185496,0.310599961624945
0.473321826303311,0.30679467866468
0.485459660692415,0.309691581174634
0.477665680128881,0.306923087580392
0.468056513989831,0.303756314628453
0.467089874091456,0.304126481451566
0.485179617644192,0.309601176366049
0.469909973756777,0.30466792665534
0.483106169893287,0.307921094744182
0.477879388606211,0.307680586704835
0.475412836712827,0.306312440965138
0.473170261549759,0.306569741752935
0.469379671976845,0.305356262088828
0.493945477620366,0.311594120648723
0.462181560694138,0.302342351785862
0.483779026973493,0.309724778341371
0.50083000626543,0.314127758556825
0.477284907781295,0.306468017788484
0.481646491626615,0.307570825754257
0.492987457689293,0.311020191252008
0.470836153698267,0.304971736842937
0.475398156589367,0.307493509789785
0.477179063813846,0.30655523814398
0.481677707302726,0.307882270912268
0.473700199913526,0.305717367649875
0.479495675022274,0.308747533720313
0.501024417368521,0.314186038556285
0.471853056309238,0.30502283985511
0.479923914046285,0.307388228847386
0.470291489004591,0.30622832832748
0.484515112514868,0.309281753219378
0.478476369449674,0.307117923752452
0.499279954270846,0.311974434947502
0.468948088594177,0.305266442123401
0.476997069038697,0.307816482040177
0.481432757261149,0.308520884073867
0.482024157377812,0.308310901687984
0.464886684469952,0.303013397931292
0.484652268919559,0.308543458269934
0.468729611042468,0.304456504086104
0.476091065389231,0.306802516310303
0.479437130851638,0.308759650263266
0.480362647207811,0.308397002038154
0.478432084259467,0.307526678176014
0.483843834426525,0.309099261179624
0.48959096672218,0.311839153316502
0.481608570308484,0.3078397467918
0.481412497700561,0.308385557162933
0.484490833227527,0.309500406004571
0.463431765166142,0.302020869132542
0.486964576947941,0.310574842179083
0.494270775966198,0.31122892159431
0.484748163229509,0.309411035497927
0.488318768311996,0.310899296259727
0.472833321507362,0.305800165766905
0.491083455367681,0.310890840870015
0.478868867814398,0.30679587867551
0.470397824224799,0.304469086798826
0.485424685291401,0.309142034179276
0.466404625770602,0.303220087780442
0.465475231454194,0.303794848983656
0.47896053552338,0.307508509413234
0.460513002844802,0.302123001164197
0.471313081823479,0.304325951751651
0.489111107946268,0.311033884341683
0.464021134721932,0.30274033250028
0.481491805199039,0.309268138297377
0.47418241424522,0.306498093174921
0.478808953712445,0.307641283381799
0.481229045121836,0.307585795323068
0.496527542881804,0.312089126172255
0.467698575596511,0.305146504374962
0.46863808671818,0.305680407479177
0.484863717864266,0.308452026614604
0.484739952272933,0.309730880857292
0.471184369982988,0.305180234824855
0.487900445861225,0.309869481432394
0.470819540920516,0.305818910815781
0.48958278207447,0.309785268749724
0.488132783789342,0.311420522626454
0.495131361343152,0.312015906030857
0.477370107486079,0.306643569373187
0.488652130747037,0.310648146960144
0.468500806113815,0.303997054303306
0.495160968277912,0.313003512522351
0.48043824484494,0.308222599159626
0.473339309549108,0.306184411555897
0.492903341444459,0.311158791707859
0.489058195974544,0.310072053557512
0.47755094215645,0.306255073689704
0.493419086496357,0.312248798281076
0.475357861615934,0.307267532940711
0.50616682912145,0.316144595943971
0.473448826391766,0.304893756813846
0.480345072714429,0.307402214812668
0.486756701125674,0.309854760599905
0.46465572343796,0.303191282122705
0.472113280463335,0.304590831003032
0.462399962285125,0.3018553325631
0.4811596881814,0.307099181043672
0.489282472530292,0.311687287351677
0.470043669323814,0.30431167382616
0.499331629992643,0.314311871057298
0.480158072800563,0.307812502575822
0.480418289557566,0.308413605862475
0.495053318273128,0.31122588333878
0.47108410285121,0.304963146226484
0.490045140622192,0.311718784410765
0.486652709269495,0.310988271238245
0.479992257683347,0.307027472781233
0.464163057698291,0.302381527381803
0.480340425069063,0.30772197695754
0.47940704876037,0.307351861026581
0.486270569716904,0.30932936731613
0.476993225135024,0.307161494457547
0.467576838279315,0.303966078033069
0.476496921047438,0.307656728491384
0.476317096888035,0.306396332131932
0.471925548545386,0.30501017009246
0.468434786130844,0.303824421640127
0.494062379138738,0.312388493390624
