"E","C"
0.451157332778275,0.298173785123367
0.442242006773226,0.294882343137905
0.445518871071552,0.295875145609194
0.442601589528567,0.294843699846148
0.457712411246871,0.300195574245853
0.450347198394173,0.297298796421646
0.450750168926308,0.297888471802867
0.459445403524835,0.30089597370932
0.458247123197493,0.299869569355171
0.43603889646307,0.292690975382895
0.443977763897505,0.295137754188994
0.449096911996979,0.297112350455433
0.44218164154326,0.294890059448556
0.445230200812768,0.295762808506243
0.448255701209097,0.296843572688778
0.441619945409482,0.294206740758025
0.447234059690574,0.296248046996829
0.441972596692027,0.294817251761785
0.437728929608744,0.29325161952863
0.451381996453329,0.297826529710753
0.454214525833611,0.299111538354265
0.452489354080782,0.298383906522306
0.460831066522311,0.300818732607967
0.456113214244031,0.299665475748857
0.45832711483523,0.300128548307567
0.440797988756544,0.294328804523957
0.437094977098439,0.292699295804317
0.444080145253732,0.294816472932879
0.440668059122925,0.294427721901868
0.457435711615235,0.300269565362492
0.445498052334181,0.295857784245672
0.452762597762714,0.297949688614017
0.457002262239377,0.299221790699493
0.441448431423942,0.294687731262548
0.447979776119035,0.297084319496399
0.446930981238052,0.296183786671883
0.44445147663977,0.295465278329455
0.455957567204494,0.299673076906534
0.455723387913591,0.299281426290389
0.441788352766661,0.294663360455464
0.438237419722455,0.293375103836766
0.437838527621375,0.293298081600904
0.445646066511987,0.29570305396643
0.451444151739427,0.297840640579304
0.447385161970166,0.296016867401284
0.444659730078237,0.295498433457946
0.451241096178032,0.297955755778206
0.451146935878765,0.297936391027582
0.441509207752218,0.294197370867752
0.440501648153146,0.294091803172376
0.446090929472657,0.296000083097522
0.437862360503055,0.292757966173073
0.45209360241205,0.297902525103649
0.446931799108964,0.296462129025285
0.450416836561409,0.29716171941214
0.446763607609986,0.296697649828125
0.440336866684858,0.293942120897187
0.452334191050977,0.298290294173037
0.451494447021823,0.298158607570024
0.432138746505907,0.291181138008108
0.446009079682002,0.296206904780169
0.452725966198228,0.298090353533303
0.449158519123032,0.297139255621977
0.450626805100951,0.297416295153679
0.441963810839852,0.294690222253273
0.438109983113957,0.293310359884275
0.443164881359106,0.29509867837441
0.447612677893722,0.297003835558099
0.445402838460248,0.29576423022754
0.448566427783725,0.297024403506601
0.445106680871936,0.295734521960836
0.451903247934944,0.298245087836066
0.449769280348176,0.297273900184077
0.445844535903377,0.296190556856348
0.443180982281897,0.294899027407622
0.453009530105249,0.298348157502134
0.444829472424365,0.295640835587556
0.44785923302461,0.296749764887207
0.438438572482924,0.293373099556927
0.44715975451706,0.296386938854482
0.453336748058197,0.298506302630033
0.438709062118165,0.29351126513394
0.439673448015491,0.293851988480263
0.457571910754319,0.299741627084992
0.449488157139373,0.297318456851832
0.443032881137409,0.295063773894852
0.450228965605837,0.297210237150259
0.438260773330981,0.29307443691812
0.434284815890369,0.29190155771112
0.453166280300458,0.298466190392037
0.45566207772949,0.299179879322296
0.442251126478462,0.295022969884537
0.44307103798305,0.294732070208965
0.434897011307093,0.292203325077083
0.446788692400424,0.29658850616671
0.452094997463734,0.298177051248294
0.454230602520039,0.298603022623204
0.453367420921159,0.297998015676041
0.450661815421842,0.297372683824903
0.445128870726345,0.296130867846654
0.446234684413769,0.295770127105528
0.442932536376493,0.295066107240338
0.442041143799338,0.294393631677206
0.443504345927772,0.295194088812484
0.450478726796099,0.29751106483327
0.453313477346294,0.298322176422477
0.454085707614548,0.298393322117252
0.456846132246314,0.299831689985656
0.448171971114521,0.296799791641094
0.442568156078472,0.294554441140459
0.448160605370063,0.296794447022556
0.453298765692536,0.298499663047933
0.453803366470172,0.29852095413709
0.452639742412337,0.298404709776174
0.444879923032952,0.296060454593927
0.454640139735275,0.299225049508563
0.446993687091205,0.296389113472184
0.450688692462793,0.297730775632238
0.450833452732886,0.297639593685434
0.450232410094687,0.297294448327424
0.444582195329836,0.29559114033174
0.448992097770968,0.297354656352016
0.440957850563848,0.294128619535721
0.444782407784026,0.295580086523606
0.448048417454384,0.296747004579625
0.448277187035964,0.296299196719763
0.449048354043544,0.297298594773018
0.445991107752371,0.295930383006178
0.441213489639336,0.294595575478744
0.440781197885542,0.293966520567429
0.444420482083704,0.295319506495931
0.439399906064038,0.29376879156431
0.449401842151921,0.296942308263638
0.445616022320229,0.295745293605135
0.441108278883955,0.294499430487646
0.448166883056559,0.296878172870685
0.447325455116383,0.296263698707246
0.449884175320476,0.297243114042427
0.456405817617014,0.299448121257323
0.448094569263843,0.296829176327645
0.455213801428487,0.299042051656167
0.449763570789742,0.297405873671747
0.438988377866062,0.293650750126386
0.457467862717725,0.299861387351304
0.452821777990573,0.298341665864717
0.435576540030496,0.292470411607552
0.450648949353787,0.297668220082424
0.453322054225577,0.298356443328227
0.444177162148913,0.295540582803885
0.447301065308636,0.296296152094497
0.437279538232059,0.292942977811104
0.454360061895337,0.298927115794092
0.447669633431441,0.296566304329693
0.447953456340665,0.296719779407378
0.452657763531675,0.298542253130342
0.450142535819788,0.29703816826528
0.449879759275879,0.297388918862385
0.448997091913537,0.296950865175773
0.449833799757052,0.297411556819333
0.44118198380559,0.29424691580839
0.442094935119333,0.295022533860467
0.447405811675344,0.296682825955108
0.45197879629786,0.297804422636913
0.452905195029427,0.298381147372464
0.44916218983871,0.297097856584764
0.452816929871691,0.298215265604235
0.459218958721422,0.300195276039518
0.432944143133465,0.291513539881883
0.45840499070103,0.300019063415784
0.441034593366262,0.294106575776278
0.437855228001583,0.292851259802366
0.452028504128198,0.297902762002933
0.449694936147651,0.296988056357489
0.454550517838543,0.299034879597724
0.447617516461387,0.296409882606668
0.446551403016463,0.296332021860425
0.439452112591793,0.293664389619256
0.456193970164105,0.299783549041236
0.447341211920516,0.296212815726385
0.441965149916009,0.294480393228035
0.448112995193342,0.296533366930967
0.441760906197682,0.294762557496278
0.455311654941642,0.29914363874414
0.456291657898675,0.299488941945637
0.45343429267151,0.298445821641349
0.450908922203899,0.297836185632849
0.442594864827766,0.294666850891623
0.445590305880027,0.295326634762675
0.434772932651688,0.292172085984192
0.439029425437835,0.293452583726147
0.446059263307457,0.29577351071673
0.450496093184318,0.297313876096901
0.447966665021379,0.29652684604099
0.447107824407137,0.29631218570845
0.443384926338522,0.295334154526197
0.452042453204628,0.298237278343131
0.452659394030642,0.298314274925043
0.445256559617486,0.295571761906047
0.454094444006806,0.298886591066593
0.446369297315226,0.295977034972076
0.449992266396937,0.297250372063189
0.440906099703501,0.294166510315477
0.445117408223586,0.295487104883898
0.450255089776147,0.297714829254406
0.459344346460716,0.300600061318924
0.433841072195045,0.291947273847494
0.444438662021974,0.295080871298845
0.447574181951031,0.296489487205207
0.44121707601331,0.294238451622659
0.444051647773595,0.295312950189348
0.446084314490389,0.296094526071931
0.454185275023327,0.298802173099688
0.451903343434886,0.298072629718371
0.447811459320534,0.296763641697553
0.448305677858179,0.296686561481629
0.446695208001991,0.296397293662763
0.44533235243307,0.295730362153443
0.451770903027989,0.297952669784867
0.456287855902945,0.299810031427119
0.445650640023191,0.29574594998957
0.45836902775636,0.300004722549706
0.448721522672284,0.297075231475439
0.46499160475877,0.302161984152903
0.454405751751507,0.298885412929036
0.450948381088475,0.297887835552602
0.44899505573197,0.297128982430988
0.451992688707076,0.297645061161508
0.440798926463187,0.294113230733532
0.453514728203613,0.298543941665138
0.454026403966596,0.299072137187186
0.451242201661852,0.298243243157325
0.44697904761699,0.296452268089763
0.451813098637669,0.297781211311592
0.444991020235078,0.29554629609895
0.451442139474877,0.29787568333612
0.453826874451383,0.298588165722214
0.448089219815394,0.29658684525203
0.441024188185147,0.294192935927073
0.438532997865311,0.293530259748325
0.451318260936841,0.297578837726418
0.447146179589483,0.296740523082048
0.450749661567445,0.297587216976012
0.443001520313132,0.295107861073746
0.448250279792294,0.297052565898147
0.453267587100448,0.298347792200117
0.437605926818128,0.292982222901273
0.445873733888062,0.295972699372811
0.452972264369779,0.298411601640933
0.453106958979695,0.298755973604282
0.444883017585537,0.295628074931765
0.449860494056509,0.29723922398682
0.4395902037712,0.293642919832476
0.444434380459789,0.295616057208881
0.45672008449238,0.299531610860899
0.452478013152191,0.298452976037254
0.442860128339939,0.294685968102627
0.455034461361081,0.298887216369863
0.455406162335802,0.299222602117798
0.440611447033282,0.293843080227918
0.456993897704804,0.299947250964727
0.444568971786986,0.295181179359448
0.44466308863945,0.295769809577544
0.443211330663598,0.295288451574612
0.46077359869506,0.300961574322399
0.458348903536507,0.300398309575898
0.444263721220032,0.295189765908703
0.455851029915514,0.299688930721511
0.443440513594125,0.294979615114251
0.438449935866223,0.293382279551568
0.451478567703824,0.297513309430896
0.439034464854721,0.29360162928347
0.450033563909215,0.297154768219721
0.446624769599661,0.296110152392493
0.455181064404761,0.299132565526684
0.449568719131585,0.297448081953783
0.450358378068675,0.297802968103144
0.439556968919422,0.293654126249161
0.452066261259918,0.298204812566233
0.450899439892835,0.297646194482981
0.449647804137587,0.297173999968224
0.437856503431218,0.293319856012649
0.44690146325167,0.296202204592562
0.444229103524975,0.29555392416599
0.453373461339282,0.298653905368187
0.453064036172999,0.298257996948475
0.451567225405464,0.298137878072292
0.456009315896995,0.299811886443506
0.440092638926227,0.29418185123154
0.451985706310876,0.298022542175213
0.445462292762781,0.295938979152389
0.456495749056359,0.299341265828398
0.448960048927863,0.296912983684679
0.456614484724205,0.29970246791963
0.445576785623787,0.295645512879608
0.442089773806976,0.294503338329103
0.449253791031746,0.296909293303772
0.448708986800507,0.296998444647807
0.429516249586121,0.290349286450335
0.448775383820482,0.297275590682608
0.450707531438981,0.297752286135067
0.453435428035015,0.298564495052265
