"E","C"
0.906869659425199,0.10212055042029
0.905790475028447,0.103182156364852
0.906467995684935,0.102517640908333
0.906559428027874,0.102333863652288
0.906256259277439,0.10272234928958
0.906285446447207,0.102647725798426
0.906129940165613,0.102882817070544
0.906910705958158,0.102143002710856
0.906735425914062,0.102244691834856
0.906676457692139,0.102313022034012
0.906497400049095,0.102478637693479
0.906717969178699,0.102295883931808
0.906697450229358,0.102230826692577
0.906025840257526,0.102922678543464
0.907076600662212,0.10199957852015
0.906573094396038,0.102484769802377
0.906487944012437,0.102447787716726
0.906578020522556,0.102441922797307
0.906729194926102,0.102315809443453
0.906600766553115,0.102436429031364
0.906297861106735,0.102742851609888
0.906472783168919,0.102473328176949
0.906661581980231,0.102358316061391
0.906546452608732,0.102388578533163
0.906420080707653,0.102589405063658
0.906457184191138,0.102569124624059
0.90690418724164,0.102193424444755
0.906716264984986,0.10218036296706
0.906558544650019,0.102391398042238
0.906446073343607,0.10254054203649
0.906849131897368,0.10215311786741
0.906928393429754,0.102015631944434
0.906523856626292,0.102390542208146
0.906267634600449,0.102739207325706
0.90653849280198,0.102438623453273
0.906780450413384,0.102159286557074
0.906356385444941,0.102667804102784
0.906683630927005,0.102225886182761
0.906923475951563,0.102178333738066
0.906413986992219,0.102563497886559
0.906593627114242,0.102453012169268
0.906186356674419,0.102777715010518
0.906707680709925,0.102229170408273
0.90684970040387,0.10218817533634
0.906444691733971,0.102487498627188
0.907152675692888,0.101935813867773
0.90684212277584,0.102198882146627
0.905921359881194,0.103066323154956
0.906257165085188,0.102780438448373
0.906891937022255,0.102143365473932
0.907089758699153,0.101935831065539
0.906498175799584,0.102453350635717
0.906702845983613,0.102287626920906
0.906686131999959,0.10232394395828
0.90644758351207,0.102591465708644
0.906611631552343,0.102343020789524
0.90663439288216,0.102342745438374
0.906757816232683,0.102234870990871
0.906840535687177,0.102166269796447
0.906013698661455,0.102926541054354
0.906563637830417,0.102455456158873
0.9070133708768,0.10203066808567
0.906310415315043,0.102672638978884
0.907188847342175,0.101797267965425
0.906618707568899,0.102382707008908
0.906660963646116,0.102338937816973
0.906518624236747,0.102514673291231
0.907120661183618,0.101895639292314
0.906430793803486,0.102542672805335
0.906687014078781,0.102326943387657
0.906776071027725,0.102248871709081
0.906925680936792,0.102118046257594
0.906637076415892,0.102354298300198
0.906663783669372,0.102378386832286
0.906748437049098,0.102269724931949
0.90660388508775,0.102456634401092
0.906484825485238,0.102555650338803
0.906553911983711,0.102439776952245
0.906350783774331,0.102605304261555
0.90686716144042,0.102134453257767
0.906370981604563,0.102605793145362
0.906593850806804,0.102425049092266
0.906533600670915,0.102307033343637
0.906584082724606,0.102410253264212
0.906437111620997,0.102625368409592
0.906965028216379,0.102107113423954
0.906309708820434,0.102696512886862
0.90659508397797,0.102318484332675
0.906883056092202,0.102071655587282
0.90697103769875,0.102031833295383
0.906556632277119,0.102354721110529
0.906253317237443,0.102725028981911
0.906652048348859,0.102366933305154
0.906690224174021,0.102272525982551
0.906371726291339,0.102558979002594
0.906431669792067,0.102527311444811
0.906578880123296,0.102418630043897
0.906514446627667,0.102525778701369
0.906833523769519,0.102203541266188
0.906222488868912,0.102854415576703
0.906547003340769,0.102451428137735
0.906416260869219,0.102505206190606
0.906899614229432,0.102203442154536
0.906013047103454,0.102859274833309
0.906313758582954,0.102642883686906
0.906413731744803,0.102584757985602
0.90648637731272,0.102532516276838
0.906353073249466,0.102617835715269
0.906119441298772,0.102892228278509
0.906547578078805,0.102469954698711
0.906285469140929,0.102640901866246
0.906784771373057,0.102278189791288
0.906615170493352,0.102337298585561
0.906945587762405,0.102091857857804
0.90694173348794,0.102168012924547
0.907195135652778,0.10186525800253
0.906852746116727,0.102213398333722
0.90611135942115,0.102770811817728
0.906664897546044,0.102368507569556
0.906948004672717,0.102097906600537
0.906637826758907,0.102276624093794
0.906810248288024,0.102251156087017
0.906432878320504,0.102565631549684
0.906793662921948,0.102208108779041
0.906986947404851,0.101957837420223
0.906895872324205,0.102046649063432
0.906759031482601,0.102237059745321
0.906226605161966,0.102740886393519
0.906315137264205,0.102634626907937
0.906590468437443,0.102434861808601
0.906794011696116,0.102235069904165
0.906958621462336,0.101998875825775
0.906234731431556,0.102737582148634
0.906276427330688,0.102723274125915
0.906808444051603,0.102240890170788
0.906851889839307,0.102174391135541
0.906547348846772,0.102379690196622
0.90667264435458,0.102447040436143
0.907141347736784,0.101840636579744
0.906286012600732,0.102649169332281
0.906537304611106,0.102448796851856
0.906244734779514,0.102705417938698
0.906510352012945,0.102489050333627
0.906725204985785,0.102264062760666
0.906417399943424,0.102497055186386
0.907283953563267,0.101693799184902
0.906353776915515,0.102577809627502
0.906980380491212,0.101989764732915
0.906642566312486,0.102360397377623
0.907022746130512,0.102060743944608
0.907306573088051,0.101609964040756
0.906750975138094,0.102298601894253
0.906754298908329,0.102262023534909
0.906413672588312,0.102520634238719
0.906538788987782,0.102391614132305
0.906647940051212,0.102353511477685
0.906211001058737,0.102634801689007
0.90665143991772,0.102323137866108
0.905950633108305,0.103026767683951
0.906615067718158,0.102352069034738
0.906433291530988,0.102549338397733
0.906575851370818,0.102454704729873
0.906788503534535,0.102183084098213
0.906130991871617,0.102738964826224
0.906943886933167,0.102037416002011
0.906840787736277,0.102046670575495
0.906510654494024,0.102398490589593
0.906664442485022,0.10233895748297
0.906857465866677,0.102043247113174
0.906450961900004,0.102519799935952
0.907106387440799,0.101901946999689
0.906825147369805,0.102241424057251
0.906526642560779,0.102476868798661
0.906338739809892,0.102567187694733
0.906458030099087,0.102513606645887
0.907077774810327,0.101956466954663
0.906732703059876,0.102305633766068
0.906708719133091,0.102248514701329
0.906891907548624,0.10209133889688
0.907073169003953,0.101909254301124
0.906847459583514,0.102127260791473
0.90688555055326,0.102086017155481
0.906853551272249,0.102250382025289
0.906697912295641,0.10229872397426
0.906906869587226,0.102114374080713
0.906184028857971,0.10276227965178
0.907062196928721,0.102032524621118
0.906918055144273,0.102117553003276
0.906296750044051,0.102703986606887
0.906450047628579,0.102550175958857
0.906562702899196,0.102438639470805
0.906435866243281,0.102591167083294
0.906173292414467,0.102773796881739
0.906426334013855,0.102584728780806
0.906943092873154,0.102042824453739
0.905870452485119,0.103056564017835
0.907156249052136,0.101894733586457
0.906302891424775,0.102677878291714
0.907066762880654,0.1019477279401
0.906785706985082,0.102127409905492
0.906041081029338,0.102961983824012
0.906367579137629,0.10262411557462
0.906594413349228,0.102353584215192
0.906961716212943,0.102056535432974
0.906484426964205,0.10250514738095
0.906468201240004,0.102589233519196
0.906731019117039,0.102226752486956
0.906831079928999,0.102118994476961
0.907201481438485,0.101809882462545
0.90707155722198,0.10193427108995
0.906096521838512,0.102816412589003
0.906599874567442,0.102445830161026
0.906628873713139,0.102276422665438
0.906561557319443,0.102400947458617
0.906846018651308,0.102205560160269
0.906594790702071,0.102394287076524
0.906467443634311,0.102465308301336
0.907013916799081,0.10203089683642
0.906220509920983,0.102739051664181
0.906566322205791,0.102421915327011
0.907006110234868,0.102056470353158
0.906720222904056,0.102269081070412
0.906792760073568,0.102147039538626
0.906301555816151,0.102621348328283
0.906845654957221,0.102107856470461
0.906632019017654,0.102326751784742
0.906214927181597,0.102702629117896
0.906492521782936,0.102515883781703
0.907100100236914,0.101919637517254
0.906523192149414,0.102438395792515
0.906530462770068,0.102443404924156
0.907008456425952,0.102074882038267
0.906570934422772,0.102399631065178
0.906833326673102,0.102144593372339
0.906357958683671,0.102617691970616
0.906314665472641,0.102612783870969
0.9060047940192,0.102904293422209
0.906563693510589,0.102379437702496
0.906730069615357,0.102300482697368
0.905877796504783,0.103013614405576
0.9067812331826,0.102343222594095
0.906773914809515,0.102222952063946
0.906197953179935,0.102675298555412
0.90703697921455,0.102029652243164
0.906197545347101,0.102749133408595
0.906865166117101,0.102164101936157
0.906939178968391,0.102114468220867
0.906555284035724,0.10239302214985
0.906485525802691,0.102531148010737
0.906871246127323,0.102111488345987
0.907202883820111,0.101774073711177
0.906426955916509,0.102509516728865
0.906233854596704,0.102771622788717
0.906301552396342,0.102798657472128
0.906265163681912,0.102642492233126
0.906232992866599,0.102723276668776
0.907071109825038,0.101894612177006
0.906020581691625,0.102917168622476
0.906549760470001,0.102405131563468
0.906817837296528,0.102211941836569
0.90663631085937,0.102357814549921
0.905771753362645,0.103223040826358
0.9063824683233,0.102599344064114
0.907234968982063,0.101814728857459
0.906219857392103,0.102755084681121
0.906001825209646,0.102959553176688
0.906119375333245,0.102808661668371
0.905875475369805,0.103054715624568
0.906957428821846,0.102083742200989
0.905745281428276,0.103142140415052
0.90697539492399,0.101948107927418
0.906001254106479,0.102888544528129
0.906675436993654,0.102258037268189
0.905717607479685,0.103203999384044
0.906519606271987,0.102408849478817
0.906501857008706,0.10245533207837
0.906542303694805,0.102421814585464
0.906193688004577,0.102750003568903
0.906822685319756,0.102177547626025
0.906114090131075,0.102796330704091
0.90637506441269,0.102606765755737
0.906251941447606,0.102691796272789
0.905778383105291,0.103118571130057
0.906608749474694,0.102406810883081
0.906021214220938,0.102822226884615
0.906400379978438,0.102521403766479
0.90679124165718,0.102241905051603
0.906961076358292,0.102014900181871
0.906643284539833,0.102336288466746
0.906684403247256,0.102261345838714
0.906268769120391,0.102666871873512
0.906389724855765,0.102596334483024
0.906355372815967,0.102580849521351
0.906648924314512,0.102227383881671
0.906566767929636,0.102383149912961
0.906104705033442,0.102895505374774
0.906632836235045,0.102419488047829
0.90603418106087,0.102846462510138
0.906654694494199,0.102458134994039
0.90619388378319,0.102747880648087
0.907164743422574,0.101873641467785
