"E","C"
0.805722274463498,0.178590697724306
0.814434195209722,0.17124935538617
0.810711653659617,0.174259478507429
0.813593867756211,0.172200428838067
0.813424603858207,0.172470581479269
0.808082760891218,0.176058513313769
0.807777434841126,0.175680935987273
0.808776955972859,0.176151361164596
0.807874835640978,0.175722749346021
0.807799691068701,0.17616038772219
0.805218996941784,0.178782576089843
0.823826628207987,0.166582030525789
0.808899205446902,0.176184294185984
0.820006875289759,0.168556662955182
0.798883235325944,0.183117539066583
0.807718457549587,0.177528254510183
0.80606488551888,0.178261180049302
0.808452671769674,0.177379927121331
0.79982197836291,0.18158462890867
0.805013210614924,0.178550141121826
0.804215545739485,0.179249021120891
0.810971526071749,0.174811820463902
0.797807698016611,0.181805557622248
0.80818777157767,0.175856744645725
0.811331090537001,0.173867022599816
0.814606295971025,0.173323637474097
0.816125579670656,0.171170072024623
0.808552032640775,0.178209714401264
0.811098117099477,0.17493019816685
0.811028134575743,0.175553297809652
0.815920819080893,0.171992237305164
0.809514803005411,0.175699900628521
0.793213538018696,0.183715377160292
0.816728353456692,0.170201816384599
0.805776883991137,0.177111768665454
0.80580238377975,0.1772792490617
0.807824985738419,0.178105120591536
0.818098715683409,0.170725984073704
0.803546455503326,0.178586493263026
0.815208591295561,0.171673948207037
0.80712316098901,0.177417926100474
0.802961201429873,0.179985788556379
0.810096712209698,0.175250472106208
0.809816334310831,0.174821614336156
0.804192478870478,0.17962039451327
0.807445922800819,0.176765115673129
0.81321671638519,0.172515100454083
0.815378912018741,0.173674666867953
0.808732387826497,0.174888475902527
0.810313825852668,0.175087209452526
0.812299408496502,0.173034876091463
0.811971832313758,0.173279184605075
0.808146687079657,0.17664668688476
0.807509654893399,0.176212891936316
0.811474668337203,0.174000505665844
0.804989264562251,0.177813238230275
0.810570888355505,0.175258195977221
0.812736184960619,0.17450138461813
0.81556558536992,0.171732019387525
0.817740269869395,0.169610449804022
0.808281435220229,0.175534850289268
0.809672395483122,0.175197940925438
0.813330344755863,0.172407539023394
0.802611404397142,0.180409799760832
0.819538776892923,0.168326574721796
0.815806408310109,0.17138732930275
0.812954384717231,0.174517723822426
0.819487110572401,0.169680085974754
0.804420029923662,0.178634101357029
0.810834159722961,0.173806170610424
0.810135686624204,0.175217378771807
0.81161948092218,0.172266375024063
0.803805880460593,0.178333000208198
0.81560850797137,0.17250834639981
0.809355493512615,0.176087716603352
0.813301346093915,0.174110197436529
0.811614667769817,0.173636556702082
0.811195427819656,0.174530704328933
0.81099741305333,0.175115879099405
0.807095136394308,0.177841495431143
0.811499108598416,0.174205638773946
0.809088079104578,0.176760598638621
0.80608013453719,0.177424367525891
0.810746871497823,0.174558894623515
0.808151363153712,0.175634943698919
0.808512857174659,0.175696943635673
0.813165651067425,0.172687327574706
0.813966680217683,0.172256636673207
0.80721295002654,0.176732718149049
0.803561522566482,0.179141677031235
0.813517097405199,0.17362027982361
0.8144399070511,0.172875406848934
0.80734050174695,0.176713069610758
0.813315384674605,0.174065816092306
0.811988531276909,0.173345826762237
0.816980210563998,0.170475151345705
0.81143200169166,0.173767797438804
0.815512991983841,0.172733088863747
0.813401700679772,0.173403265239088
0.806944248652234,0.177422805428997
0.811742242804522,0.174357182135741
0.812424736165137,0.173051395318151
0.810278694733505,0.17437148549415
0.808664783235271,0.176728836170469
0.802688056982055,0.181110503560121
0.802034904774842,0.18068531056731
0.813114825840778,0.172522094420325
0.805339641206673,0.17811016480717
0.804784683782363,0.179350517554888
0.809166616868342,0.175512405525473
0.800356428615686,0.183112854079142
0.808363978896727,0.176496975747131
0.827153312909248,0.164721641788545
0.813742125749922,0.172794353514719
0.800638894901273,0.183134699553671
0.807892783923462,0.175809448699181
0.798104664202916,0.18343151056935
0.810526811041734,0.174280738598217
0.820764901571002,0.169127626232467
0.814647145302929,0.171678378813131
0.815081737453201,0.172019480291683
0.812101504127229,0.173518367479095
0.821757036098253,0.167606003883422
0.799564339822811,0.18155762155175
0.818601552614013,0.168874979369342
0.808043865288731,0.177761703508116
0.813210091303886,0.172861515021312
0.811300651334975,0.17498253497459
0.814604910936368,0.172767344258606
0.812288027310788,0.173930627986595
0.809360029244008,0.175418421667108
0.805337542628584,0.177342752592736
0.813228514811369,0.173520374258734
0.808832321019872,0.175492130700294
0.811808857679944,0.174371391619207
0.816805935531768,0.169830232004044
0.805034823184259,0.178745828546591
0.805288896024734,0.178250349554378
0.811000394650917,0.173922979641023
0.808975974706914,0.174982448070235
0.815181307548013,0.172469359556309
0.815235835729299,0.172126775254399
0.821433211552515,0.168006711967326
0.804125772066007,0.178850625713417
0.817726755017287,0.168796591272918
0.798449785558564,0.182105185080304
0.804732531307133,0.176948450678843
0.811707934708274,0.173668416998721
0.810431062033472,0.175192002584616
0.805770198762578,0.179170155851354
0.809962719455124,0.175468145354196
0.812740723731423,0.174358884139883
0.807791325989815,0.176861269790216
0.811764187955177,0.174512198325764
0.812249067963805,0.173935064805084
0.806981624402436,0.177196542278999
0.813959974079269,0.172315128222117
0.819823704831096,0.16848231571081
0.797725071524617,0.183361376416054
0.808189693064061,0.176496248562899
0.812086672092585,0.172697526401823
0.810486457071171,0.176962342821651
0.806127958159104,0.178442999659242
0.806238563940436,0.178261193698679
0.808284535299511,0.175112713478559
0.803305166805472,0.179654143810067
0.813703276476363,0.172958660979806
0.818721023366424,0.171161407937369
0.814231340536389,0.172348556331048
0.821710287675744,0.168039441822109
0.816861547190098,0.170825517553113
0.81434901029672,0.172045039393563
0.804214554095665,0.179121201633777
0.816924060745046,0.170553965981586
0.818179917443988,0.170004446817246
0.813192222249861,0.173685120419975
0.814599504398489,0.173430977906272
0.811140960082986,0.175350343200033
0.812317642579891,0.172391852394883
0.81304348565569,0.172538193198574
0.816962321182279,0.170005101540139
0.796928669303647,0.183724005472087
0.80979078387682,0.175210285049522
0.815761302902436,0.171472126508197
0.807196790818274,0.177845487371193
0.808535597490862,0.175129892669868
0.818576614550664,0.168009215373767
0.806592367759028,0.175717520701898
0.816016893971358,0.171212963094376
0.808712507072892,0.176020840686892
0.812693854319525,0.173410333948954
0.805750341325419,0.178425221279037
0.809083433961906,0.176337241888602
0.812305970535136,0.173378348216736
0.801968923965852,0.180089713060914
0.808153620898991,0.177573877146234
0.809181341289031,0.176551935682772
0.812458152498775,0.173405153874684
0.797774639486002,0.182875453607427
0.801352267000563,0.179983661125485
0.815849416460907,0.171513429195737
0.81369203320088,0.172795655391684
0.811644915650915,0.173199700656013
0.817475729847558,0.169032429334403
0.79772593341201,0.183833979526981
0.80880418576329,0.176704145644159
0.810381565914171,0.175193082651568
0.80959682793545,0.176009603087227
0.809337860758838,0.175265686471438
0.794957121675392,0.185142743171933
0.814009325031586,0.171042501315905
0.814604201270954,0.172365394468755
0.804922672797089,0.178030416577501
0.808901417437178,0.175797601403853
0.800823392505427,0.181145793535356
0.814943192534327,0.171134247868474
0.798127073493043,0.182496126907448
0.814804643973324,0.171398237575037
0.807968823178568,0.177819548171804
0.826870900660071,0.16307800683786
0.817231928321125,0.17142870939747
0.805511439184316,0.176872755428501
0.80071280025777,0.180639047266696
0.807327405819721,0.176397224096603
0.807931796631285,0.177091484468466
0.809061792394055,0.174994824455585
0.814027614437367,0.172091722855035
0.806965542505722,0.178161668744471
0.80234008262346,0.17894399109081
0.804333379706531,0.178462833820315
0.805916362635071,0.178111849184391
0.803686836928989,0.177301026881207
0.809024154499461,0.176765204779056
0.817588858947647,0.171281695925372
0.811205388512909,0.175510384672371
0.809866199161401,0.175047671424441
0.819036486152413,0.169708816710493
0.808005860865323,0.178330251747864
0.817814160241886,0.171081331758558
0.810152703154677,0.174278370125838
0.810432552155291,0.174782068158275
0.812626029743651,0.173143469847238
0.814853625976041,0.173147901381545
0.813750430697927,0.172952685119668
0.807916245215383,0.176871205512846
0.808372872094235,0.176714104426693
0.808902409737648,0.175080147860753
0.807938318552967,0.176036031600697
0.81279327682905,0.173540252686014
0.806556852785046,0.178471749007848
0.804471173347522,0.178470826386603
0.820992955468294,0.168356877051899
0.807706578125567,0.176299457648273
0.799023433126387,0.181154418710763
0.819454375081124,0.169171823325706
0.817913837708773,0.169805958231872
0.817233372159206,0.170571262651115
0.805058532719223,0.178040307048965
0.804689678237478,0.178446603982384
0.811100605993316,0.174606199939893
0.811085086655091,0.174104079471442
0.80791543448278,0.176424907087514
0.806380995832256,0.178168341517549
0.811351884112043,0.17535807631381
0.80476609347236,0.179535819550454
0.812288432828421,0.174094522471844
0.809653130726077,0.175711897419744
0.810702665750306,0.175228325483555
0.809946804966021,0.175932629139817
0.813681011897762,0.172245179859866
0.813571765152237,0.173734587234659
0.80484962534492,0.180182858329592
0.820523489547845,0.167961098581594
0.808459354570386,0.17635712424587
0.803059255064233,0.179541556794756
0.813104827742107,0.173952879573482
0.810661287253167,0.175694536634103
0.795543155253712,0.183940162322059
0.806114017812169,0.17879906171301
0.814485592979911,0.171287955516566
0.800274459560491,0.182428282290104
0.804310922039074,0.178412183239882
0.801793512829868,0.180013963875044
0.813662427782536,0.172423781669778
0.798935618068285,0.182220573952326
0.804810859114899,0.178830572702259
0.79844252776026,0.182307631894552
0.806269715321982,0.178124611598793
0.808199504710564,0.176305226347027
0.80923096271694,0.174471629530391
0.801511181350368,0.181737256151687
0.801859762000822,0.180722085085807
0.812604456642135,0.173756726067036
0.80404259863367,0.178168786236283
0.817295032376276,0.170012360708537
0.807681953667687,0.176188415063973
0.816131298793574,0.171180642070371
0.813743869696785,0.173329084267901
0.802888690684351,0.179237101423681
0.80870404220325,0.176179614294517
0.805047962216493,0.177838546610761
