"E","C"
0.876313561061475,0.104809477321029
0.874484267484476,0.106162591722269
0.873302840297529,0.107018666861745
0.876140110490747,0.104925337743426
0.877769310534059,0.103704487646556
0.867152504877375,0.111537669829908
0.868019547345191,0.110888083501196
0.875551331339682,0.105365115470752
0.867951874534442,0.110965255635109
0.873366128066096,0.106972436535495
0.873726122567363,0.106697225909127
0.875082614887124,0.10571267285682
0.875027053375325,0.105743771265931
0.870500592172873,0.109089222137077
0.872604446483868,0.107517876011908
0.866146334093923,0.112262244920261
0.875870788291841,0.105122816439856
0.876411789272543,0.104718899174066
0.877599479184954,0.103840826064253
0.879902182534384,0.102113413933653
0.866770852274566,0.11180976583266
0.874403150997106,0.106199044192299
0.875466635181778,0.10543351971592
0.87265360351563,0.107507957449936
0.876200411752307,0.104887761832743
0.870186324222449,0.109320911883844
0.87117094365591,0.10858827702446
0.874979162658772,0.105777403324633
0.871832717650968,0.108105449533404
0.870661473061213,0.108969010310732
0.877273845735632,0.104058842605845
0.877560545902785,0.103877108613657
0.87608853202501,0.104983379535017
0.875587504165688,0.105328983841725
0.872534666637258,0.107584243553697
0.879318264044098,0.102633684620683
0.87312266394082,0.107150457908763
0.869862875225874,0.109548899549683
0.874194206648861,0.106364339894792
0.869224770785938,0.11000151407176
0.883433908759024,0.0995156633847154
0.87826997230203,0.103354717185453
0.876420176373485,0.104713685876482
0.87457682950953,0.106083881330865
0.874877891362483,0.105892757684166
0.875619625626374,0.105317539991292
0.877366580758197,0.103998788278364
0.874660387686129,0.106020316905762
0.875360413675356,0.105518291488163
0.874995452609155,0.105783042612004
0.878938236581871,0.102840298972478
0.874823823816437,0.105894257764917
0.872100393728247,0.107940456689748
0.875990145258092,0.105044873298483
0.874574109028727,0.10608931455508
0.873144449649303,0.10714109935587
0.87245225646005,0.107669667487983
0.879287968153809,0.102565232680738
0.871897965598365,0.108060803189832
0.88083711444131,0.101449689118519
0.878175915473398,0.10340917184582
0.871739185322987,0.108178891767782
0.878817930236313,0.102943957133595
0.880248352106165,0.101852895727541
0.877190583609712,0.104125753912647
0.873054313098791,0.107206867313074
0.877297654876606,0.104063050578502
0.87174346658865,0.108163512473896
0.870170289143375,0.109299209389525
0.870860200117873,0.108830553651482
0.875735518294291,0.105306003604185
0.872186271266125,0.1078540355972
0.870576110901669,0.109033844794004
0.878670233158218,0.10303625526334
0.866324218813082,0.112150705306687
0.873785856051161,0.106687258287544
0.877363807785049,0.103998197516418
0.877828272976946,0.103669264493508
0.872342276861203,0.107724076510571
0.87213119630299,0.107881753005287
0.87208435624571,0.107898512815185
0.878399450039212,0.103242238207328
0.875213691057234,0.105601612827682
0.881000069438646,0.101287525844288
0.872286685347476,0.107792733182987
0.877844679870931,0.103668056140525
0.874951749620301,0.105802742670077
0.874818277493249,0.105899939507785
0.866587420175591,0.112012093652567
0.867772279619846,0.111079053387404
0.872999552096765,0.107197293079063
0.874669760739794,0.106010486525862
0.875996508022561,0.105019877484671
0.8820076997576,0.100527365551519
0.87106882099961,0.108655775552915
0.877544658408934,0.10387579926168
0.875994933309377,0.105039990010763
0.873001247952028,0.107266980156183
0.876807106303858,0.104420465198289
0.870488007051962,0.109091786939489
0.876382440327275,0.104736099726651
0.870440520974084,0.109124594380772
0.873875810937938,0.10660138543354
0.876138175697602,0.104930868888912
0.881402204491859,0.100984044069416
0.880330355154628,0.101820116753096
0.873479961338591,0.106872632549123
0.871887742069865,0.10807048436047
0.870862040585875,0.10885303182596
0.873559006530789,0.106885580910679
0.874732714484579,0.105960083957962
0.875555127907163,0.105362180536541
0.879196455221718,0.102642011508641
0.877007443120943,0.104274003855384
0.873155189487497,0.107136724171509
0.880129085374727,0.101960312797172
0.865384675258487,0.112853254473219
0.870141127078608,0.1093535173231
0.869693212055828,0.109686209138858
0.865654647479029,0.112620929206387
0.875888254049539,0.105103074282089
0.877471862062641,0.103950153926588
0.874904884353223,0.105834394788335
0.875924906151321,0.105087453038202
0.876497041404068,0.10465334587343
0.876275609357658,0.104848403469889
0.874022026684799,0.106491471042257
0.874431479279627,0.106189828518384
0.869873006064111,0.109535564559901
0.871996435284134,0.107981145907623
0.87064627346712,0.108976079688142
0.880409318113864,0.101755832590379
0.8742377220643,0.106322404822136
0.867632878211309,0.111190493809496
0.882770246289269,0.0999966816555564
0.876030561704477,0.105033899207112
0.878961455560225,0.102851827126099
0.875765704437449,0.105198670454081
0.874972522513654,0.105784818706128
0.877170715402044,0.104156543475377
0.870307627010096,0.109240857342367
0.879583384459103,0.102338152876496
0.875653884525021,0.105311188133741
0.881621731898046,0.100824873424002
0.87180924329827,0.108125409159174
0.881138786071424,0.101183483486084
0.880301193888994,0.101814901869967
0.871789456986062,0.108149259313062
0.875935635281207,0.105076447666982
0.873385828277573,0.106964621242952
0.868960978879653,0.11020952490811
0.876034950732899,0.105008324012918
0.869235051637053,0.109980377089967
0.880515154455267,0.101657611266984
0.86900116862593,0.110222880152036
0.869440771672797,0.109856514382219
0.876494619320411,0.104670455064707
0.875857638835671,0.105136040293719
0.868769043691096,0.110381679800186
0.876038489076186,0.105034714461794
0.873980034804568,0.106520194848189
0.871202766711401,0.108560874099733
0.875189037968336,0.105626167657352
0.870601082425756,0.109030837938088
0.874133720690135,0.106405726862285
0.87777346175097,0.10370410006202
0.87688019203455,0.104364259358211
0.88037322996839,0.101765346201505
0.880323680576642,0.101796170227317
0.873223307661746,0.107074522246502
0.871831719338094,0.108106352899744
0.873552681187987,0.106848708021302
0.872981184594189,0.107256027300828
0.876308345209099,0.104794987119824
0.878303345322667,0.103306868201171
0.872741216052511,0.107434671935391
0.870197219112563,0.109332021606427
0.869583259226333,0.109757078888173
0.878044949134938,0.103509970925356
0.872305169383953,0.107758869222365
0.871536515653533,0.108306619615234
0.877716765084821,0.103738506508479
0.878080155539716,0.103474018857213
0.871817189230314,0.108136306432201
0.877945410014414,0.103590706642726
0.871284500435656,0.108509324991052
0.870014760622993,0.109443651211011
0.8746514120317,0.106029367670883
0.878200164791095,0.10338178827218
0.873829820214768,0.106632214748633
0.878142099003414,0.103451514764556
0.871948444044482,0.108037834097048
0.871576399536591,0.108285039492707
0.872766233159387,0.107414551288405
0.870961262597086,0.108749009567069
0.873427272284814,0.1069311031963
0.872638297059591,0.107567247638767
0.867309898549286,0.111400041162306
0.877418265131253,0.104005549804539
0.871759337872022,0.108186375873407
0.873565912857915,0.106836959001034
0.875612088724663,0.105304597798326
0.874655726284695,0.106015918943711
0.865644230033059,0.112630278894781
0.874835382943301,0.105884253666225
0.874846561275374,0.10589303907689
0.875233967672192,0.105620114962689
0.87083830105927,0.108890130211551
0.866442911599598,0.112071029766286
0.875129532352244,0.105668760943148
0.877331115372072,0.104030941440743
0.879575642080237,0.102365122173061
0.874265832722018,0.106345285275456
0.873349805733203,0.106992240315202
0.87886933277269,0.102888504538668
0.874971626895085,0.105805032258645
0.870458055008271,0.109101786617404
0.874087591834809,0.106453014693378
0.878833808058038,0.102910182860961
0.875348657365607,0.1055091731859
0.873913194291683,0.106588883451944
0.87545580929041,0.105441015176961
0.872129560669322,0.107877383116856
0.872288589016143,0.107793316836034
0.882674226760875,0.100031980441124
0.869918904209569,0.10952427547671
0.874683395229288,0.105996760114325
0.871637910267518,0.108247930973208
0.870432988358875,0.109173023321272
0.8710961207123,0.108655970400313
0.871218748984662,0.108552322790667
0.876114066914949,0.104955591198106
0.879617164266702,0.102333035195141
0.877570094154516,0.103891933572336
0.861048883823099,0.116009091182668
0.866191742430668,0.112261545133987
0.875703437705163,0.105252753989367
0.87375928921287,0.106701492124568
0.868003562502972,0.110915968574714
0.870310981933368,0.109219145519077
0.874665122035877,0.106009495732592
0.87373157023204,0.106704062994464
0.877816781209754,0.103711197712159
0.8679287376823,0.110971534471795
0.87948787225684,0.102423211952919
0.868544023313726,0.110513360061208
0.86994276373672,0.109460605128763
0.875989068096443,0.105031473743669
0.8725293982304,0.10758814476862
0.874474262173382,0.106166531873387
0.879842344895708,0.10216627374639
0.872104179602833,0.107936234187197
0.871275426815316,0.108504083348413
0.879574282410216,0.102358501841563
0.871588697385212,0.108283526850597
0.873651420666204,0.106766459910466
0.870633294901879,0.108979114202673
0.880729274748296,0.101503110650262
0.875198204637236,0.105616773618919
0.87490971674274,0.105836006227897
0.87332908756018,0.106988570762034
0.881632684759231,0.100814599961174
0.874882125410203,0.105856254327544
0.878566881798739,0.103121469962582
0.874493412651243,0.106138274691262
0.874189634809069,0.106372438568174
0.880457506890225,0.101699801538258
0.873252240011738,0.107051381337968
0.871983104187692,0.108027771679987
0.873985297996851,0.106513619552368
0.865826003267226,0.112496231637877
0.877833747582669,0.103661439069946
0.878773660622221,0.102970774599144
0.873410023966852,0.106937649065949
0.88219306908276,0.100423582866124
0.874291061992379,0.106290190234597
0.872978996652812,0.107261945459357
0.883241581670315,0.0996237898925663
0.872142948876286,0.107876413086367
0.874567954813051,0.106112244502684
0.875499143261987,0.105393229514739
0.878073273533249,0.103478358801846
0.876869794733657,0.104375518077686
0.879143306086815,0.102681183956883
0.878665893676597,0.103034305959622
0.862615498039595,0.114815982417544
0.879113102436331,0.102708947308462
0.879850252435293,0.102158335992628
0.871972609084262,0.108005496801291
0.875128633202332,0.105702822184989
0.877700631213447,0.103752760325268
0.864073695404601,0.113780304157453
0.871566543223667,0.108290889919627
0.873232598328626,0.10706294017495
0.878647803210718,0.103057295454987
0.876434526756606,0.104736542147508
0.876676596032521,0.10452692666809
0.86965861685679,0.109715901288341
0.874456166523512,0.106159333829046
0.874500475867317,0.106140603702012
0.867754283819999,0.111104080341492
