"E","C"
0.654736700608652,0.244991190330446
0.601697026280604,0.255896656558367
0.615848975524607,0.253358109216658
0.62640612515882,0.251952715129751
0.610405415710634,0.255232858542638
0.628800028846525,0.250800309383778
0.622209373296842,0.251440393163921
0.629251823384811,0.25098666488552
0.635723482586555,0.249904340901763
0.624938534424213,0.250999152998559
0.64255817050946,0.246368468614557
0.628579978364903,0.251121026536176
0.624636456607536,0.251667391503851
0.642042683354385,0.248512052654844
0.626097010940653,0.251259481602745
0.6269713764876,0.250920145958498
0.624914840540093,0.251640513774125
0.616560976989793,0.253721009177351
0.622874314274378,0.252959758959516
0.630579786540686,0.248931418189894
0.632397221907178,0.251029515389807
0.63431343724508,0.248382439815229
0.619917961643818,0.252853448145192
0.631057240255534,0.25148768636434
0.642068660465908,0.248083782328193
0.621861175636596,0.252468956400992
0.623775531436354,0.253092169895546
0.633885440632979,0.249254858287727
0.582472483865005,0.259580169052084
0.624053521719305,0.252442374695385
0.621585822467547,0.252486233176859
0.632531998615301,0.250505421070749
0.619596817956499,0.253791131765738
0.59650388899668,0.256022062681049
0.617561657181378,0.252855357829229
0.628984310339606,0.251576922851271
0.654080771291893,0.244602493110996
0.612242467568514,0.25389615371743
0.6389934998821,0.247864658043961
0.604381304227199,0.25572356467354
0.602867008428635,0.25782639863059
0.65570239063444,0.243809083933386
0.647400961088276,0.245710763530739
0.629361350563781,0.250026287543417
0.637264331077917,0.249779788428644
0.642922248713106,0.247750370826584
0.617301613080075,0.252927953396809
0.616864577947117,0.252944053772852
0.62922210110253,0.250675288761634
0.630955544886519,0.250174916375201
0.639269713114498,0.248571111286377
0.624509222797435,0.251450109419972
0.625828492068592,0.251902802854762
0.636291794935745,0.248751942398403
0.600676926972259,0.257738171786142
0.619743989580897,0.253067209877227
0.619092647828811,0.252186455333526
0.629694382162454,0.250735013356965
0.644706153216817,0.24580288215814
0.619247610252393,0.251783735646353
0.638463239802895,0.249610809457311
0.633996892121473,0.250629959885356
0.595339811092003,0.257820815014526
0.650146663412795,0.244105396269151
0.635826905096221,0.248289598706944
0.636350323682949,0.249519116213502
0.64050405616355,0.248492427101616
0.650457975194874,0.246123547631726
0.629909691910413,0.250673100229503
0.625754177524915,0.250701333681428
0.636110187772902,0.248428737295473
0.639866521158076,0.248478130133664
0.627091728643372,0.251753083751601
0.624629242271033,0.252360545830365
0.601997822231254,0.256353293323327
0.607270865114327,0.255086454329356
0.646945452655302,0.246566637965192
0.624157577962423,0.252034695566583
0.60618381104404,0.2558935952977
0.638289408795042,0.248692831287971
0.622413061942869,0.25183959743827
0.644887168851282,0.246931248599996
0.626122207454204,0.251347903537575
0.655602514015981,0.242694230498683
0.623804457042057,0.251894813770858
0.60678177609822,0.255197220112591
0.64139859890224,0.248962314166942
0.630864198673331,0.251138371535901
0.63980097763385,0.248277160289039
0.61467121087077,0.253743331575174
0.601309392669548,0.256415949276335
0.632303051159717,0.25080488204849
0.647656881012407,0.245448216832482
0.628730590876947,0.250774230778016
0.631450388632935,0.250543259873668
0.640408392377029,0.249079652737627
0.626152951877905,0.251579741051823
0.641474081470039,0.248038920713836
0.633704438309974,0.25064242378058
0.628019733750876,0.251986028413581
0.627430372474506,0.251392059810211
0.625183279059438,0.250370353189653
0.642986681769328,0.246847567152304
0.62752508487065,0.250593238309035
0.62732246902517,0.251507090042722
0.629487683056198,0.250942512325585
0.620098227491119,0.253680048228441
0.624067825979067,0.252079193856748
0.629872900181687,0.25127967743753
0.619173301913905,0.253797698221036
0.625311477611489,0.250472704462015
0.620957969083776,0.254454767468088
0.62542859885466,0.25132274728456
0.625499849588944,0.251774548478541
0.631800549740772,0.250454074846364
0.654969756465443,0.243570651158432
0.638576811742712,0.248652326771119
0.620383710203133,0.253239717108081
0.622662579189026,0.253141748083525
0.609785119216559,0.255408176875177
0.636353976230167,0.247268206782084
0.617951838644081,0.253652855366291
0.621215817726538,0.25324761520376
0.607892945088175,0.255047741297872
0.645057554149355,0.247422264083929
0.613889709617423,0.254773597640611
0.644188589610848,0.246204751987286
0.621978065379326,0.252936926399183
0.625787535487058,0.252271257259111
0.634398848790206,0.249148839758389
0.610019119350591,0.255151154563727
0.625125362981256,0.251134812941946
0.637642389270799,0.249156754617867
0.638480150874766,0.248826423325083
0.635279041150103,0.248316088794688
0.633832291344109,0.249911720647959
0.614111174670264,0.252846877194082
0.635277380176327,0.249161917365917
0.62293373227055,0.25227267460311
0.624479842333417,0.251882812183215
0.62075904002205,0.251934127012616
0.622636008418067,0.25247692519835
0.629110221256153,0.25100191120025
0.632106010871083,0.249934901018792
0.638972798570592,0.248714911117963
0.640070558387769,0.249331400029148
0.638055328441922,0.249281211031939
0.636238246752025,0.249489056181787
0.639805759814949,0.248518909301026
0.623434354774214,0.251903646237208
0.625285638536697,0.251808247497356
0.621392571926701,0.253287243904948
0.603693822534939,0.255445342846486
0.611615316746444,0.255103882426318
0.642267470305722,0.249211945342758
0.619753895479485,0.25235632476333
0.641363359566307,0.247136205504623
0.63620201645756,0.24994126561522
0.617789787606296,0.253789487812582
0.61454938222468,0.254504140582933
0.632505552277584,0.250870062666893
0.641086980569559,0.248393676896258
0.62528332932657,0.250719398432803
0.601042401624432,0.257244742704835
0.645722051813145,0.246394569515646
0.643886351484608,0.245753803071235
0.62206212597548,0.251586883853827
0.63709151147535,0.249948651445189
0.627611514914034,0.251624210152162
0.60494067100682,0.256170611133508
0.62882212387546,0.251512265429572
0.616297339247543,0.25368068444196
0.640573301947644,0.246984373721617
0.600770478021225,0.256358403982814
0.63680834635021,0.248463020080248
0.636197545456245,0.249764365940777
0.622923062212306,0.251563034349679
0.611639091615974,0.255071319983769
0.621645897878799,0.252387652356094
0.635097399343735,0.249490253384542
0.614583737112492,0.254250739364565
0.618338482599292,0.252975894297378
0.631250179002925,0.249332328539839
0.647874709480991,0.246771624497853
0.635163001195628,0.249619942076793
0.628287153928998,0.250501818161661
0.633928597508377,0.249902518826087
0.643540707809759,0.246536360763833
0.600679071133121,0.256137141759272
0.630667851195,0.250643227359025
0.63202751852149,0.25140987401086
0.620240000111887,0.252499372371031
0.646136406223789,0.246743184484075
0.651606809283201,0.244003312240446
0.627059701757332,0.250235936988092
0.60834741468146,0.256904723075911
0.623641490285335,0.252010770012671
0.593583884664126,0.258528294500043
0.633695302270678,0.249858255422364
0.619297733217712,0.25301948448666
0.618669908578809,0.253537756459271
0.615797292733808,0.254225124758691
0.613994797299581,0.254123985840258
0.625618468807968,0.25048735906381
0.650583542309363,0.245852387287514
0.640570196380543,0.248366648061015
0.629721713734199,0.250170518560715
0.636306104961105,0.250578672335833
0.626577543492938,0.252183200232913
0.65066017124878,0.244754065728875
0.635066969313569,0.249905992631561
0.61666768583495,0.253039445714066
0.610095945777261,0.254209317020518
0.641473407126215,0.249122738496356
0.619483264563537,0.252204001077834
0.64052255815207,0.247503908800689
0.629553954656686,0.250840971614909
0.625820262142729,0.251771761975839
0.624766617883611,0.252773317339126
0.614394581583688,0.254542161174827
0.642685876495166,0.248264487448987
0.634150940577473,0.249597219152652
0.639718386764154,0.247709354647303
0.627160440293121,0.251003602213609
0.624149869168678,0.25259555398959
0.640279146892819,0.249378969102426
0.636632882336595,0.248408676543748
0.630248205187038,0.250199161928826
0.637487858355838,0.249067351861709
0.609686959175735,0.255166181799118
0.628152756430131,0.25084896924357
0.646315208003709,0.247146145294612
0.622171755606771,0.253057421052283
0.630540254429345,0.250054476534074
0.616517315030916,0.252601665651604
0.636315145641016,0.249771241038973
0.619081674013432,0.253293765524802
0.623365597847675,0.252156120305789
0.634218096205892,0.248867918559456
0.636514520408565,0.249247353395065
0.636505511070786,0.249251822765063
0.617212867968031,0.253904185901081
0.627444413173124,0.251215029928615
0.636232632558087,0.249988678340795
0.610508156878514,0.255066236490525
0.608031670169922,0.255502756338863
0.599920729025369,0.256792017632437
0.620718526127865,0.252075486798881
0.634277836252142,0.248350067298784
0.630673269174102,0.250305836662135
0.619039840929784,0.251395213918033
0.622097218500829,0.253666796951649
0.635634211329427,0.248852864443114
0.651057978174635,0.245441654803867
0.627193704423715,0.2512526174867
0.628555912191613,0.251235332765531
0.638517550149744,0.249161306542171
0.617817889158921,0.253146193161076
0.621259387288328,0.25199694042723
0.614897251755123,0.253231889711828
0.62221600145542,0.252084402477228
0.627375278911291,0.251665169260933
0.633197301860214,0.250385991709002
0.632444307201838,0.251407742905863
0.623111057984553,0.25182078167201
0.638639633061164,0.247890172229042
0.627026566328478,0.251773025220609
0.623605322155658,0.250396533986302
0.634738897169656,0.249359499038641
0.623388778901694,0.252735648975362
0.620660780178608,0.252642476711035
0.642320601087448,0.247774908655639
0.62563066064215,0.251380847649862
0.611365191083631,0.253548169896895
0.651995062536483,0.245012078959943
0.627016109920444,0.251650775643536
0.641145605088512,0.248552441580687
0.611795689719062,0.255635478872022
0.623106531475893,0.25250251321368
0.645100307357308,0.246655911314421
0.617600288805774,0.254016650538392
0.649615826361199,0.245019459700159
0.644728183877192,0.247724049426353
0.647579098845761,0.247415329521733
0.619109198344279,0.252657435733483
0.622260400808807,0.251812769156304
0.630583079768342,0.251116293800421
0.627670729851225,0.251095510534736
0.623310016527888,0.251462562186348
0.642254587425536,0.24717128669855
0.629611235795211,0.250808064597111
0.606786515993886,0.253885375909807
0.647113546247321,0.245940655582946
0.63520642045124,0.24955293151943
0.631604271643184,0.250104992736778
0.635204014487912,0.248956343563524
0.607788773421766,0.255872885467756
0.636897974364092,0.249408929220261
0.618679175874827,0.253477559406762
0.636466426422306,0.249264920488256
0.632985970052137,0.249164091887478
