"E","C"
0.733836224337705,0.194708700289254
0.747816387427186,0.187343160610308
0.737384124210366,0.192813636186646
0.731402649135453,0.195978331260584
0.743851177073647,0.189395498947366
0.740478954762629,0.191246998964219
0.717957352874326,0.202742640344814
0.731559292203352,0.195845107394476
0.720899140979744,0.201318504924301
0.745096387433506,0.188780917179531
0.736237265035174,0.193483205735175
0.742467155866579,0.190225788891039
0.720819178011571,0.201288905293863
0.733129611579558,0.19510736954083
0.727371456252606,0.198034581122027
0.737427737743294,0.192885801189334
0.719566152567227,0.201937732157929
0.727851401851903,0.197806527154014
0.733527669911936,0.194885446971562
0.730783924750315,0.196298009343734
0.74214578792501,0.190359261650132
0.741413384567766,0.190712934575213
0.733694534358432,0.194819369844406
0.732708712887845,0.19523510467284
0.73861674340478,0.192219135649595
0.721209218662317,0.201101425600145
0.730768403312349,0.196223641732441
0.738021739092368,0.192546059859981
0.72120992861483,0.201139612384006
0.723218311169726,0.200183355589031
0.735802851128389,0.19370084054136
0.72265053916258,0.200424072398015
0.731586916298509,0.195882490718786
0.729087280140107,0.197170669443931
0.73142372064258,0.195912535744483
0.737023816579923,0.19303341705569
0.737732557897613,0.192686582477438
0.725727159445665,0.198876730165207
0.739574216809576,0.191720125374182
0.733016312400673,0.195167941748126
0.721975552467932,0.200766157562363
0.729576713399131,0.196915360066086
0.732643857881749,0.195351693805504
0.736898986010226,0.193138854590226
0.731463015068319,0.195965690308509
0.722235477126192,0.200649947552745
0.718222861149617,0.202628662519328
0.7348117284148,0.194208239071157
0.735515682183869,0.193834663878436
0.748350980103311,0.187027293530152
0.73604823962597,0.19360304341244
0.747777412270506,0.187296754200081
0.74675988158359,0.187891892669256
0.725102166787293,0.19923173723451
0.742437883315654,0.190263466727551
0.728461431384896,0.197547199522413
0.725945978982608,0.19876635551886
0.742948410223225,0.18997037616572
0.719108579588031,0.202049061004044
0.715107475428235,0.204163396947394
0.741896159627353,0.190508653915525
0.717908068724177,0.202886265286622
0.730330300883076,0.196521699215928
0.724204798872614,0.199649312011927
0.747528264951535,0.187484983477972
0.732925886101873,0.195185513670177
0.746778680124914,0.187880181436089
0.736973630892323,0.193066194096239
0.737148374937588,0.19297804456448
0.7490286743996,0.186578412456148
0.738414832730687,0.192362241857805
0.746979993304301,0.187779820748006
0.745253331485592,0.188691486389231
0.732688415321928,0.195348109309513
0.726556504992688,0.1984388712538
0.722879128910906,0.200293932268283
0.743915284187027,0.189458239686159
0.730079144745525,0.196656625967739
0.741390779161442,0.190741802540071
0.728111390418364,0.197649990553222
0.73343062845344,0.194934000921486
0.717755066332103,0.202850322136241
0.728166240943927,0.19767399511421
0.72197456790034,0.200798667686235
0.731386136439794,0.19598548653317
0.728285194777843,0.197536514822631
0.73244761846459,0.195432882776276
0.736865333480642,0.193170524760727
0.758520018706339,0.181454305290278
0.739488413745967,0.191773204948127
0.734093385881738,0.194587956013425
0.723704871270567,0.199904611675502
0.742987375428472,0.189933387778807
0.732445374244369,0.195448376776038
0.712673422618088,0.205365546821948
0.743288937337921,0.189758437120675
0.729787130260729,0.196766438152279
0.74636465138441,0.188149625914086
0.703112816532025,0.209891663047459
0.738024478431863,0.19253712238017
0.73767451999888,0.192729562485598
0.734786267954093,0.194250698096131
0.7222779272627,0.200617521198283
0.740636945184771,0.191197997122951
0.732616043528163,0.195367464179316
0.740147623335019,0.191413873768354
0.715886761488113,0.203771311199793
0.741179226837183,0.190873073759375
0.733728122996603,0.194715695640668
0.723827518492033,0.199823696233378
0.739172251879864,0.191923380758478
0.735632002319587,0.193831290865466
0.724118189070383,0.199684842627582
0.721483144947386,0.200976919359679
0.727629233864757,0.197903927714744
0.735195158622496,0.194011667419301
0.726029005611916,0.198775922944644
0.7146952032434,0.204354613195143
0.748669293110787,0.186847855696419
0.728337195765252,0.197563582241009
0.727772795207909,0.197834933816297
0.742332065767627,0.190273377445893
0.707457419625372,0.207879710648821
0.731483803084179,0.195951423968128
0.731244204084379,0.196010148118843
0.738276609832405,0.192428720615797
0.721094415249741,0.201195850518599
0.739597050790412,0.191740400882191
0.736011540281303,0.193603332452072
0.720691593172197,0.201404109759764
0.742497039516263,0.190171231099711
0.723244222232568,0.200142328477205
0.729406220256958,0.197018714856819
0.722429999297844,0.200531585886962
0.73047984990521,0.196434218813903
0.741119540466476,0.190938179690927
0.744686657618744,0.189009755249751
0.740722588646632,0.191095032040936
0.737804423683139,0.192652271666434
0.743256116372141,0.189762968942669
0.734060493582541,0.194638189684732
0.728129466275404,0.197648688871702
0.736947739109184,0.193117183063274
0.731809423534528,0.195831173115693
0.746394646919507,0.188124864443722
0.7319759716989,0.195693599103057
0.733250294533796,0.195005817083186
0.718965437690639,0.202263226284309
0.722168693587347,0.200622918174304
0.726698967795888,0.198381466740888
0.741349048867666,0.190803928137013
0.722665564455807,0.200433663980905
0.734117413037373,0.194582688354838
0.7173815249288,0.202995928303033
0.735466276394398,0.19387243403851
0.721164498012172,0.201218606165751
0.715713390008027,0.203930525759914
0.737197356620701,0.192980292798097
0.735513200524323,0.193828176463021
0.727303699184205,0.198077114574792
0.750135874813834,0.186057956778276
0.723092217089063,0.200225494522298
0.720922890819749,0.201289678898638
0.724987069982039,0.199253102200036
0.738942618590785,0.192061302611547
0.736636095390573,0.193276661734371
0.732207088619825,0.195566990234477
0.735083020136805,0.194074201757781
0.727724746696171,0.197837305322451
0.728027652693381,0.197750962026614
0.73518473223708,0.194036694016696
0.72594869651902,0.198753467729638
0.726079095050477,0.198703768905129
0.740236878472998,0.19138383733405
0.729583685132899,0.196911813727641
0.731584304677354,0.195906525888827
0.72911637040912,0.197148440576855
0.742372284029176,0.190235821698593
0.73820642670969,0.192420335656102
0.719855772880742,0.201815332308766
0.727165571744634,0.198119563058706
0.73078774246586,0.196301332334015
0.721377072513349,0.20102485056959
0.739105129154388,0.192037875142167
0.727270884515194,0.19810051946469
0.738624069524662,0.192229641464462
0.727434230114763,0.198008168771304
0.727062478140904,0.198150532933281
0.735754124803355,0.193737689691684
0.729065006761732,0.197234015858905
0.732688956255798,0.195309490813463
0.742437020574945,0.19016290290969
0.731521069937178,0.195919089461934
0.731708098238997,0.195824343038601
0.744449460335793,0.189149397481714
0.727784461976095,0.197834417891609
0.738111575851362,0.19251158530546
0.729650527903052,0.196878358821385
0.747450137346549,0.187513142849252
0.729683367765325,0.196786997542865
0.721495133528091,0.201067286552759
0.727588858895182,0.197954499566744
0.729129917046173,0.197159883759761
0.733806716999985,0.194756678435805
0.736154172377104,0.193543856979083
0.745010594222102,0.188880296267188
0.74393503716902,0.189382477765888
0.719812916769324,0.201775720179091
0.721501122861195,0.200993296838619
0.728837462535448,0.197309379692174
0.734264517470455,0.194468963137665
0.728290452078658,0.197610388429872
0.750632355743112,0.185802618271741
0.728671134279615,0.197376785807193
0.742105635118219,0.190393602913607
0.713590692799649,0.204805805579619
0.745189755091145,0.18876628262042
0.738339352459115,0.192393031792874
0.735312494865158,0.193956309566962
0.748496953240622,0.186952961883739
0.724621670852023,0.199438208631447
0.737880967674388,0.192630331136911
0.731998262489566,0.195715308207797
0.751461774376582,0.185360744236954
0.729358587583365,0.197029668866441
0.729957709214261,0.19669169060566
0.745542727231482,0.188523495049854
0.73366786784983,0.194809114273957
0.730760929883252,0.196324572567505
0.718788462718876,0.202370046415145
0.732633124746838,0.195318905468587
0.724163506228558,0.19967013875596
0.731846845660646,0.19576236569187
0.730552806902063,0.196461248923165
0.720045946138808,0.201703217086283
0.731253068365833,0.196067140004086
0.730989437762987,0.196199334016917
0.735883784863922,0.19366646906452
0.729796905575075,0.196808965748466
0.728641327638333,0.197393755060656
0.740929002911167,0.190934685643507
0.736664315613052,0.193277376935334
0.752140119802147,0.184966470544052
0.733871280721834,0.19471805153743
0.733626651745238,0.194846359294745
0.719991359352344,0.201741459210787
0.74185512532676,0.190504236830043
0.738762620694418,0.192161999160332
0.723868861012568,0.199802500317863
0.741417897398956,0.19075553547915
0.721997556307281,0.200722474206144
0.727587867449382,0.197904045739379
0.748105103668409,0.187105789532312
0.720527372023742,0.201474764520467
0.737172765637544,0.193014528923558
0.721076374149605,0.201197722722611
0.711749417110635,0.205771030207443
0.722285291341772,0.200606302982403
0.721329582133306,0.201076689933076
0.740835445235569,0.191069866698686
0.734152234048984,0.194575536001089
0.739450124695073,0.191791790801183
0.728485889471443,0.197465229851766
0.763214093614678,0.178803244903732
0.747004973411414,0.187797271599312
0.734103959094372,0.19459469379319
0.737530907778166,0.192781899085332
0.749550756498768,0.186450343131732
0.743376595298003,0.189720456071332
0.742146475621011,0.190356006606063
0.713637264060072,0.204861839413587
0.743211331911227,0.189778336499883
0.729830806179443,0.196780035430346
0.732444842203882,0.195451749787196
0.723083853784854,0.200267140498441
0.739936236018659,0.191513078019602
0.742808643376071,0.189994658150089
0.730405494382424,0.196503825590372
0.736691491520055,0.193188298671734
0.741612668106769,0.190627924765422
0.720971373018285,0.201222691131021
0.728692518227518,0.197429015104548
0.731823840822352,0.195721136591137
0.73472534414563,0.194254709815437
0.721526193034701,0.200965402975889
0.732665240819053,0.195322136050428
0.735492573684597,0.193875506138261
0.72553599668369,0.198978142602637
0.728366753099845,0.197542679218774
0.731210572435561,0.19608911130583
0.722028484116747,0.200742770711437
0.734493234923895,0.194366094320533
0.748575055808516,0.186920032680254
0.73194042008613,0.195748205027903
0.727710581520397,0.197875241831794
0.728005005606613,0.197762715781305
0.73601152254051,0.193578189169884
0.723709532552016,0.199912242200436
0.739034818341338,0.191993668386874
0.729211563798773,0.197088420607488
0.713304979231444,0.205025821415978
