"E","C"
0.868665760633744,0.110424516230613
0.86899378413658,0.110184592359027
0.868566758953712,0.110496791756319
0.868543174749346,0.110514195583793
0.868062794369261,0.110864967990734
0.868437784647099,0.110591076677985
0.869128819826894,0.110085762034676
0.868707703897906,0.110393803918003
0.86931171837517,0.10995199971875
0.868071333198582,0.110858751461354
0.86848932498158,0.110553371788035
0.867710350713296,0.1111222223462
0.868416855408089,0.110606501420547
0.869193186651632,0.110038452604733
0.868946281762532,0.11021927499071
0.868952595137284,0.110214667954382
0.869512310595845,0.10980500060199
0.869618472569423,0.10972725376074
0.868408667070572,0.110612380505798
0.869026646753102,0.110160456139097
0.868271085165901,0.110712524404066
0.867873886037674,0.111002864935115
0.869133749887745,0.110082169113312
0.868218297131902,0.110751487392662
0.868448746197593,0.110582959478471
0.869263021814621,0.109987244950316
0.86789900924938,0.110984505841203
0.868889234649568,0.110261044107546
0.868532452366642,0.110521894060539
0.869118567691058,0.110093189383046
0.868564753212786,0.110498382927881
0.868458841571145,0.110575664811934
0.868809307502359,0.110319529149471
0.869895785468405,0.109524007422199
0.867615709592863,0.111191198689254
0.869127685725426,0.110086698628443
0.868802478623365,0.110324371039274
0.868843564147944,0.11029516365886
0.868464168885519,0.110571830232906
0.868092429536532,0.110843403706507
0.868902024291702,0.110251841896241
0.869250471603233,0.109996638416035
0.867828700101446,0.111036220599951
0.867899895957925,0.110984053691145
0.868417046019447,0.110606273174805
0.867973199197446,0.110930428936423
0.868456279051255,0.110577571239378
0.86912489910656,0.110089073533052
0.868758681887562,0.110356379478725
0.869007287673822,0.110175110953768
0.868430066815566,0.110596586584094
0.868806628935699,0.110321615404344
0.868947900738088,0.110218069443318
0.868007040266153,0.110905666942869
0.868420858317769,0.110603348123326
0.869300881729464,0.109960009813275
0.868976306292643,0.11019748605588
0.867706450035944,0.111125021813175
0.868327884969032,0.110671328521913
0.869161581679775,0.110061804531995
0.867241071006172,0.111464445256317
0.868840164168449,0.110296878900152
0.868241242284002,0.110734616310253
0.868315018168034,0.11068089419652
0.869098858104236,0.110107713852325
0.868160813060856,0.11079367589936
0.868730093875282,0.110377393760135
0.869167647883681,0.110057355921893
0.868505882419773,0.110541484064169
0.868098467472982,0.110839000697119
0.86753496926571,0.111250085951947
0.868753166122382,0.110360399816706
0.869048676146073,0.110144737650645
0.868886245988595,0.110263198825765
0.869028094756854,0.110159514436842
0.87027603319178,0.109245020691754
0.86916809094847,0.110057188767763
0.869275366662146,0.109978697546927
0.869647586215924,0.109705928214886
0.867475360695306,0.111293691645396
0.869031719457986,0.110156852996125
0.868667617467124,0.110423059990735
0.869351199201245,0.109922841949692
0.868261129874367,0.11071994550771
0.86879738262889,0.110328009901037
0.869610888846422,0.109732880231209
0.868708784752832,0.110392957643729
0.868351163531369,0.110654359414977
0.869384570904629,0.109898778578727
0.868706636431766,0.110394550546141
0.868922245068302,0.110236867535965
0.86915049541895,0.110069641578635
0.868785139874494,0.110337266027246
0.868316500866121,0.110679423787993
0.86839818039737,0.110620135644512
0.868674483558898,0.110418083343581
0.869518549322888,0.109800661367265
0.868113024045712,0.110828079744876
0.869325003725994,0.109942074765583
0.869499187048921,0.109814574804105
0.868843396607151,0.110294743104992
0.868833445481637,0.110301906640568
0.86837181599479,0.110639309939501
0.869111279121832,0.110098429675681
0.869196647215695,0.110036317761234
0.867945475460436,0.110950556678377
0.868233248576185,0.110740547047257
0.868887844332596,0.110262026134218
0.868630532707137,0.11045051298027
0.869491218837688,0.109820659632533
0.868239311767406,0.110736165875825
0.868654736542669,0.110432481118076
0.868752324941919,0.110361493065705
0.869206436551559,0.110029191742169
0.868621256718447,0.11045683089666
0.867521045803007,0.111260204522379
0.868823462581181,0.110309080105281
0.868828092851191,0.110305694542488
0.869000942265145,0.110179246991491
0.868961000697839,0.110209036010914
0.868130386166991,0.110815741997087
0.869050748574125,0.110142928654955
0.867470276069768,0.111297311032115
0.868004217066251,0.110907659934822
0.868374856857417,0.110637128055991
0.868717345099538,0.110386742235479
0.86870243029176,0.110397700357326
0.8683259104207,0.110672925402914
0.868078788522622,0.110853416601232
0.868872653576348,0.11027316790931
0.868127760409903,0.110817537256389
0.869063990584524,0.110133242620562
0.868708074573366,0.110393540760327
0.869176240391439,0.110051584235918
0.870021911060264,0.109431536096678
0.868544122473959,0.110513504354271
0.868700619915315,0.110399020190395
0.868514332721288,0.110535118359465
0.869347490382538,0.109925804735602
0.869070897885286,0.110128313664451
0.868897992599472,0.110254847188268
0.869651326376258,0.109703273076087
0.868890833808288,0.110260086509495
0.870406117006716,0.109149756989727
0.86873781616403,0.110371547727503
0.868005511349774,0.110906809889548
0.868363446160477,0.11064547664039
0.869140451977297,0.110077166645847
0.868680439269285,0.110413784732362
0.86936046783147,0.109916187375929
0.868558410134804,0.110502949826074
0.867866023715305,0.111008593513293
0.868798787537192,0.110327499815015
0.8682075915236,0.110759257757216
0.868141294343109,0.110807823750166
0.869923114639346,0.10950383110894
0.868795622663175,0.110329598358778
0.869015792676522,0.110168463139172
0.86912175369255,0.110090939240663
0.867905018883566,0.110980600918553
0.868838394563964,0.110298286083362
0.868927580345888,0.110232964887184
0.868569176276435,0.11049524746298
0.86949918594542,0.109814584414216
0.868871487387773,0.11027397774095
0.8686340070872,0.110447639709031
0.868787763408636,0.110335266611822
0.869186675689873,0.110043394243537
0.868993335221431,0.110185217033363
0.868015070980155,0.11089978992994
0.868405579845143,0.110614623265542
0.86935041806372,0.109923522229577
0.868211980356609,0.110756128765556
0.868652658206095,0.110434039600763
0.868274950396974,0.110709989364184
0.868426584487142,0.110599192962312
0.868961899569645,0.110208005860189
0.868400404438598,0.110618447607199
0.868842185314089,0.110295532101059
0.868663078663945,0.110426519805758
0.868607244660991,0.110467267153325
0.868970605452417,0.110201453645604
0.868149419947331,0.110801796207068
0.869448373696689,0.109851824106261
0.869247450602191,0.109999152004142
0.869111323076595,0.110098848084678
0.868613403200494,0.110462792281772
0.868149535128445,0.110801688407478
0.869147567513879,0.110072081529917
0.869503243665641,0.10981171867098
0.868621841977957,0.110456655407093
0.869076527153464,0.110123966048084
0.868828053829579,0.110305619434754
0.869420389829285,0.109872808986486
0.868445892100279,0.11058524455268
0.868980749276227,0.110194057018598
0.869768170994963,0.109617467000386
0.868895815198008,0.110256250463461
0.86842141907136,0.110603185252027
0.8683882400188,0.11062750184634
0.868812378205859,0.110317235747904
0.869095171130701,0.110110437599237
0.869219954422199,0.110019335011736
0.868953127013529,0.110214373639441
0.86978501490046,0.109605799306428
0.867778231376322,0.111072683674356
0.868173141081815,0.110784379397805
0.868340109815056,0.110662613684331
0.868574445708354,0.110491413184947
0.869537947684865,0.10978624777564
0.869064353135507,0.110132936567992
0.868394459501545,0.110622761455208
0.868085359458413,0.110848529218899
0.867723687412592,0.111112824312656
0.868263000739329,0.110719077228865
0.867768142806378,0.111080221447399
0.868016498527407,0.110898769747777
0.868245963679321,0.110731450908942
0.869189350581746,0.110041300192024
0.869258797037903,0.109990849107605
0.868843122199201,0.110294809433815
0.868445074190675,0.110585841523349
0.868087941846669,0.110846808829375
0.869068338535272,0.110130326934817
0.868701053436102,0.110398901846723
0.86812529762109,0.110819377592069
0.86830597814438,0.110687382599232
0.869237322596765,0.110006286651271
0.869767376233688,0.109618065914703
0.868413385662348,0.110608928399746
0.869765086387469,0.109620089043064
0.869239394335518,0.110005123486159
0.869149139776824,0.110070844556097
0.86885405337815,0.110286821438291
0.869309875474164,0.10995336181643
0.868809226236203,0.110319515479969
0.868577812339583,0.110488761357218
0.868159981627923,0.11079400799499
0.868908007491718,0.110247277871464
0.867895810386948,0.11098710867685
0.867902193997686,0.110982290325717
0.86878639485136,0.110336217579049
0.868180607457161,0.110778794209294
0.86890843661743,0.110247545501071
0.868302959781268,0.110689634656274
0.869574440132281,0.109759758985569
0.86921298713922,0.110024177383185
0.868487751972774,0.110554562570117
0.868828109084616,0.110305750343125
0.868046985334403,0.110876990799849
0.868519084351838,0.110531967193696
0.868727136115328,0.110379745769319
0.868623399505543,0.110455431229284
0.869615869596368,0.109729138833436
0.868974531063895,0.110198616968381
0.868812601097788,0.11031715693489
0.869531301865055,0.109791110247865
0.868156818394784,0.110796301168789
0.868263827393548,0.110718190214894
0.868184167185121,0.11077644056442
0.868881510934507,0.11026682759353
0.869198956203781,0.110034443887681
0.869066299388391,0.110131594562039
0.869755428402436,0.109627015135886
0.868462091656581,0.110573354908432
0.868840422870232,0.1102967393776
0.869091078837848,0.110113443213315
0.867948331882707,0.110948741201754
0.868787270304953,0.110335466456297
0.868559319575135,0.110502793404918
0.869630538105056,0.109718641006792
0.869556389190489,0.109772774179897
0.868646247818162,0.110438757986322
0.868667400037564,0.110423290253811
0.868477688116097,0.110562542780083
0.869005829448458,0.110175902024484
0.869410680143194,0.109879545490537
0.867836740242045,0.111030073347029
0.868130707586621,0.110815364227108
0.869191090362404,0.110040213082211
0.868899975266048,0.110253358592887
0.868649881002367,0.110436195933827
0.869407225864805,0.109881931828313
0.868729212190448,0.110378303008801
0.869430953978113,0.109864625214262
0.868597149377353,0.110474616537825
0.869464879419183,0.109839945989005
0.868074407981207,0.110856441328304
0.868510513650957,0.110537903391075
0.86960608557263,0.109736508954283
0.868753267191935,0.110360530082367
0.867660532383073,0.111158562263779
0.8687530949534,0.110360713165126
0.868936119526159,0.110226769197669
0.868019232151062,0.110897330424742
0.868250267666842,0.110728422954166
0.8682311449553,0.110742669374629
0.868616845623938,0.11046081641883
0.86869360690005,0.110403973113098
0.869171535645038,0.110054455356386
0.868063580079019,0.110864392185958
