"E","C"
0.999966795903264,4.35512234859049e-05
0.999965764998518,4.49597742763577e-05
0.999976258248899,3.11513759868797e-05
0.99997730134014,2.97850794567614e-05
0.999985342147295,1.92206685302787e-05
0.999975671377583,3.19029535975908e-05
0.999963616207191,4.7771252667631e-05
0.999979668839605,2.66686844014935e-05
0.999967873240408,4.21304572927439e-05
0.99995633182157,5.73611555971937e-05
0.999979096370292,2.742009888039e-05
0.999975568304691,3.20459806876315e-05
0.999968756715857,4.09719596072937e-05
0.999963041800983,4.84511946114252e-05
0.999973384805675,3.49548200933094e-05
0.999977613201505,2.9406802516721e-05
0.999970440574846,3.8876022678638e-05
0.999973777917445,3.44106930624291e-05
0.999961443561765,5.06529038959877e-05
0.999966496186424,4.40493122934423e-05
0.999967863953711,4.21147348163911e-05
0.999985372528191,1.91955190946646e-05
0.999971534469776,3.7374533277087e-05
0.999980259245362,2.59022379321937e-05
0.99995940856016,5.33726729499016e-05
0.999962603002575,4.90970341883086e-05
0.999973770789428,3.44247798707444e-05
0.999985560407318,1.89402439376571e-05
0.999973148873317,3.52415715403889e-05
0.999978629907192,2.80669819183434e-05
0.999975380189495,3.22818504690615e-05
0.999964368733574,4.67890221367161e-05
0.999974190820481,3.38702060780435e-05
0.9999750880816,3.27228906992103e-05
0.999986181100926,1.81380066127502e-05
0.999978078533184,2.87478097291695e-05
0.999975270100009,3.24231657219529e-05
0.999972353655207,3.62578089185488e-05
0.999973484052059,3.47677840893622e-05
0.999949825920545,6.58042818739108e-05
0.999948121605417,6.82464815490775e-05
0.999951802876273,6.3288460108277e-05
0.999975482672234,3.21390300580231e-05
0.999974576152865,3.33564608166237e-05
0.999952623450441,6.21096709740812e-05
0.99997017173245,3.91771941049078e-05
0.999973597028188,3.46144518350764e-05
0.999957795299453,5.53688684414026e-05
0.999976114630239,3.13057768975617e-05
0.999982082438942,2.3500143570596e-05
0.99995981664322,5.26795121521973e-05
0.999965333748092,4.54083912027638e-05
0.999962193208667,4.95192976858392e-05
0.999989245466636,1.40829562115243e-05
0.999966475751004,4.40039840536894e-05
0.999980084351901,2.60874009409652e-05
0.999969331883672,4.02005958678405e-05
0.999945563063555,7.1430384446075e-05
0.999984266493364,2.06249170934837e-05
0.999974290422086,3.37948141074679e-05
0.999980009305934,2.62127097854435e-05
0.99994900296823,6.68630247937714e-05
0.999957803180996,5.53369254097516e-05
0.999969679542578,3.97563952489322e-05
0.999978415672979,2.82795523049963e-05
0.999968982439857,4.07222257126388e-05
0.999978186775364,2.86144516616649e-05
0.999960781635689,5.14386780029865e-05
0.999948635225712,6.7434066771968e-05
0.999959554655086,5.30523619555636e-05
0.999977067038014,3.00361771784404e-05
0.999974164515159,3.39133806040243e-05
0.999975757428217,3.18347150030693e-05
0.999979998181491,2.62763958502449e-05
0.999971028897873,3.8018767112508e-05
0.999960029581056,5.2530229933908e-05
0.999968277878009,4.16334254883584e-05
0.999974751805306,3.30883482675574e-05
0.999968119088821,4.18247489802376e-05
0.999968602533635,4.1160191984649e-05
0.999953849755741,6.05563329731792e-05
0.999945364124629,7.16463169570842e-05
0.999974005257764,3.40981011519556e-05
0.999971444306512,3.74990544055688e-05
0.999968503884596,4.12365898888283e-05
0.999961062282641,5.11369933189575e-05
0.999986638072664,1.75340622147718e-05
0.999972231685995,3.63613918711979e-05
0.999967227434228,4.3040510166769e-05
0.999966270550602,4.42859585900639e-05
0.999968709853976,4.10747679102701e-05
0.999927826266692,9.44514139466406e-05
0.99997264666253,3.58548406468221e-05
0.999968900869769,4.07939096849893e-05
0.999955596117438,5.82744701839002e-05
0.99996560599553,4.52094870113118e-05
0.999979826650143,2.64676062809737e-05
0.999960211711735,5.2136668587325e-05
0.999965233109244,4.56410320126307e-05
0.999971113411193,3.7856797524869e-05
0.999985433107557,1.91025815003498e-05
0.999971801939512,3.69374168014213e-05
0.999943059107681,7.47068840845685e-05
0.999983010866855,2.22555501125e-05
0.999968761482563,4.10362555737805e-05
0.999972910491796,3.55879548015109e-05
0.999977015187389,3.01305961061234e-05
0.999952812555693,6.18479649042312e-05
0.999950287596034,6.52580400851925e-05
0.99998054762507,2.54830274079879e-05
0.999947281298042,6.92339888598297e-05
0.999963314624884,4.81669051155798e-05
0.999973966070772,3.41264302448218e-05
0.999965608619329,4.50967282718087e-05
0.999954732366685,5.94624477950654e-05
0.99997206664103,3.66349889896762e-05
0.999952453865868,6.24027474027766e-05
0.999962377983133,4.93154943240313e-05
0.999962795593768,4.8857925082834e-05
0.999945815250384,7.12298263892505e-05
0.999980314199931,2.58467358720115e-05
0.999968665379162,4.10888877577795e-05
0.999966165453519,4.43723999008681e-05
0.99996098626248,5.10833950731569e-05
0.999979800633361,2.64629496901701e-05
0.999963353666267,4.82703789196079e-05
0.999982836987401,2.25341479449963e-05
0.999980102923582,2.60602960649328e-05
0.999952791822167,6.19737399240715e-05
0.999981203014799,2.46455675901173e-05
0.99997842005265,2.83567685152441e-05
0.999974090362405,3.40142632769191e-05
0.999984836881713,1.9882945758031e-05
0.999981956246831,2.36717172933972e-05
0.999972184553456,3.64657654187474e-05
0.999962265743169,4.95840946762483e-05
0.999962452502905,4.92373444512815e-05
0.999974138529544,3.39086605917726e-05
0.999976431806378,3.09347914170295e-05
0.999979155043897,2.73200273270478e-05
0.999975092828187,3.26890153521325e-05
0.999976919939801,3.02344301754777e-05
0.999971413221675,3.74477993312285e-05
0.999975257368044,3.24577717052387e-05
0.999946206230889,7.05576327185482e-05
0.999971715775772,3.70385133321623e-05
0.999967865237502,4.21571964469718e-05
0.999977163737687,2.99532597965733e-05
0.999980178699289,2.60210520296279e-05
0.999951045505904,6.43341639642385e-05
0.999948392264798,6.77916878626226e-05
0.999963836375093,4.73939181689082e-05
0.999976338965201,3.10342270967031e-05
0.999964951530251,4.59587609210382e-05
0.999981996737044,2.35980575974528e-05
0.99996823836089,4.16883945823967e-05
0.999966815682397,4.34997715229202e-05
0.999970931961801,3.81378407327024e-05
0.999968791907309,4.09811370267295e-05
0.999972288871486,3.6418022194147e-05
0.99996522468784,4.55616642535591e-05
0.99998615278012,1.81808752248935e-05
0.999951493832017,6.35976985757608e-05
0.999960867852003,5.12988110816309e-05
0.999976964594409,3.01700085000564e-05
0.999985176206205,1.94674818154423e-05
0.999967421285921,4.27978212155052e-05
0.999973638462157,3.46019272012713e-05
0.999952973542355,6.16114066027584e-05
0.999943255649657,7.44254053897198e-05
0.999963480424708,4.80347365130703e-05
0.999978482986185,2.82076843596204e-05
0.999952678326715,6.20995737499928e-05
0.999925844721675,9.71002335090457e-05
0.999976872346649,3.03558285599351e-05
0.999956242429653,5.73017680908389e-05
0.999955949076621,5.77271867433264e-05
0.999967417532589,4.27006979813274e-05
0.999981733479589,2.39621870869614e-05
0.999969525075146,3.99418019153056e-05
0.999923708712928,9.99687737656503e-05
0.999946046472899,7.09211241224878e-05
0.999985049891092,1.96135445174239e-05
0.999944923983623,7.21731587721432e-05
0.999977469916162,2.95242910364787e-05
0.999952847866145,6.18842996059651e-05
0.999982631226136,2.2771595486885e-05
0.999980777272096,2.52590384999075e-05
0.999976564296484,3.0776334672476e-05
0.999977265489458,2.98593561447994e-05
0.999978593110568,2.81063523001829e-05
0.999974375760616,3.36464942063727e-05
0.999983556705656,2.15840944001496e-05
0.999980157189077,2.60560291417151e-05
0.99996166956731,5.03326575347078e-05
0.99998375600731,2.13058416233796e-05
0.999974659440646,3.32749879199477e-05
0.99997136303842,3.75313866275147e-05
0.999974071090027,3.39785749798112e-05
0.999959086631182,5.36710234732625e-05
0.999967255873104,4.29425184441064e-05
0.999965899426891,4.47047530515681e-05
0.999957033911608,5.63092656710114e-05
0.999981643132615,2.40905798415997e-05
0.99994426573799,7.33801657651703e-05
0.999976618925215,3.06875768769971e-05
0.999971921274453,3.68007196743506e-05
0.999957076551506,5.64099716318358e-05
0.999967541705312,4.26166050471825e-05
0.999966368278401,4.41431041336769e-05
0.999971123411021,3.79337788353442e-05
0.999955344919303,5.84360623526223e-05
0.999953610275133,6.0978322523426e-05
0.999951155340685,6.41332840971165e-05
0.999957116188592,5.62035717818358e-05
0.999962526470512,4.91678490565807e-05
0.999969280500298,4.03121271376081e-05
0.99996609906211,4.44509363346051e-05
0.999961989807163,4.99275484361271e-05
0.999969082488654,4.05214142901515e-05
0.999970079295585,3.91950189565447e-05
0.999968349787104,4.15071631239149e-05
0.999976962203309,3.0256812608593e-05
0.999964188052936,4.70305225500737e-05
0.999981379181169,2.4415856327621e-05
0.999979022403522,2.75160098733473e-05
0.999975693355442,3.18646581676879e-05
0.999954012246722,6.03144214124991e-05
0.999975184499327,3.25649484906618e-05
0.999980624567073,2.53832163289783e-05
0.999945212748479,7.18625822042367e-05
0.999974889508057,3.29081818868127e-05
0.999977069793691,3.01024569986014e-05
0.999929463516257,9.2741826484258e-05
0.999969961826885,3.94191196088454e-05
0.999963923485766,4.72784132471272e-05
0.999968804130125,4.09013989318927e-05
0.999975973020101,3.15337497076506e-05
0.99997075588465,3.82761227675226e-05
0.999974979203686,3.28165245222643e-05
0.999967622994166,4.2464756610119e-05
0.999987927178622,1.58471049851054e-05
0.999953405808525,6.11715014763252e-05
0.999961134398081,5.09209508463126e-05
0.999955421834335,5.84947467839367e-05
0.999975186445462,3.25852435956095e-05
0.999949979539926,6.57015641112184e-05
0.999965484470814,4.52746056776579e-05
0.999972899683189,3.55353731515843e-05
0.999976747639475,3.05233491453647e-05
0.999935888309982,8.40832361690012e-05
0.99997052076314,3.86578072319708e-05
0.999961154371105,5.09829789607145e-05
0.999951176783972,6.41238438929223e-05
0.999973352597806,3.49903997971657e-05
0.999989488301499,1.37809106686356e-05
0.999979108248343,2.74145001197726e-05
0.999982314396267,2.31893833157379e-05
0.99997340718355,3.48780042508067e-05
0.999971894965997,3.68408755414724e-05
0.999971512027212,3.73854694052856e-05
0.9999557659761,5.8055784561462e-05
0.999972506663023,3.60353441734525e-05
0.999979610544016,2.67700555759031e-05
0.999988197274577,1.54751164836661e-05
0.999971675509453,3.7162385163425e-05
0.999953164551385,6.14674337946585e-05
0.999955111059191,5.89696764710612e-05
0.99998023993898,2.59352068123903e-05
0.999971031716996,3.80668721267177e-05
0.999963801349781,4.75079379797538e-05
0.999944210639785,7.31436166923347e-05
0.999982405921754,2.30845995147347e-05
0.999976837028924,3.04343097643614e-05
0.999971546661746,3.73227284959071e-05
0.999981006630079,2.49291135382656e-05
0.99997016497872,3.91364198088879e-05
0.999969882136647,3.94780390120334e-05
0.999964076722804,4.71498629529201e-05
0.999981629496888,2.41245680971188e-05
0.999970080527308,3.92833858901022e-05
0.999975402977336,3.22217034603185e-05
0.999964409875018,4.66763988248541e-05
0.999974086604054,3.39750959551367e-05
0.999980724543883,2.52967439199062e-05
0.999975825097962,3.17354065698064e-05
0.999985227954006,1.93735358768143e-05
0.999981232532995,2.46077744272127e-05
0.999970650908601,3.85572933187518e-05
0.999974970679313,3.28553107514e-05
0.99996770682936,4.2408017191826e-05
0.999954806145866,5.93065221090482e-05
0.999978116682957,2.87007368829223e-05
0.999959538365137,5.30935808276765e-05
0.999976821517272,3.04324924053026e-05
0.999958386386085,5.45537452885905e-05
0.999974407107056,3.35813789635816e-05
0.999977835227763,2.90665905957959e-05
0.999987090392255,1.69160350713577e-05
0.999956664315792,5.67964164168965e-05
0.999946496453101,7.03168329323991e-05
