"E","C"
0.929703318121832,0.137756025405888
0.930113676899161,0.136980955035837
0.930682970621062,0.136243498590963
0.931443636091366,0.135479230853234
0.929504774472155,0.138345434417209
0.929760107551623,0.137377949662497
0.929795501031685,0.137095763330962
0.929765259545859,0.137029256039322
0.931556962597142,0.13427074383419
0.931303878313059,0.134657430786985
0.929512564640049,0.138331612612387
0.93067720500833,0.13594429045034
0.929510672381306,0.138749968667882
0.928485557391971,0.14008971178534
0.928657769908697,0.139643908402941
0.930192957654544,0.136663320301172
0.929818262725559,0.13780369648252
0.929840169294754,0.137203518436858
0.931224974994459,0.135085763397038
0.930694856400125,0.135659531675465
0.928475362221343,0.14047590286891
0.928702485633132,0.139388652346522
0.930929271700987,0.136095297870744
0.929447930886891,0.13790851242046
0.929559168926773,0.13784318161496
0.930420296541352,0.1366901656892
0.929805949449584,0.138141920581926
0.929167680268611,0.138780369921735
0.929519066691934,0.13761208082334
0.930175383538229,0.137006814520331
0.928500381801575,0.140006845037561
0.931407365406257,0.134852057392497
0.93054240439536,0.136448924094688
0.930802538448665,0.136265629891821
0.930755287905433,0.136296133100437
0.930217133053355,0.136800218516817
0.928140377063471,0.14058568336371
0.929544577650624,0.137906504256312
0.929465200305794,0.138278573376445
0.928612993384647,0.13885948238506
0.929060931148802,0.138552735676109
0.928835442623673,0.138976784026784
0.930702994189127,0.136179063497984
0.929432981658807,0.13821388634673
0.928954728095138,0.139048278794726
0.929324506006526,0.138295457674145
0.930012826624235,0.137632130570285
0.931787123730725,0.134559691872111
0.929507392622728,0.138070775594033
0.929109845510308,0.138431565686867
0.931322274903248,0.135113037256551
0.930007770431202,0.13748956685328
0.930735900987492,0.136072796155247
0.929583515766625,0.138349111578864
0.92980285239173,0.137445037736632
0.929044134039674,0.139126667653153
0.92957234639439,0.137698272534582
0.930575243643112,0.136960656417935
0.929519888423671,0.137992115117168
0.929282017649215,0.138459138603701
0.929802129797139,0.137431549880979
0.931510772603498,0.135188502450653
0.930490067846459,0.136584456888626
0.92943689500376,0.138176113982261
0.932292079112648,0.133811919573769
0.92971172811162,0.138141831942171
0.930069368087709,0.137309432478178
0.929698201835368,0.137618386842806
0.928540718385829,0.139918666123943
0.929555010768675,0.138115416791604
0.929650658936459,0.137707142929853
0.929966281292632,0.137981065265279
0.930077870116941,0.137309183454688
0.930197529426764,0.137032769999157
0.93079273727397,0.136472140829509
0.929161150858069,0.138855702272834
0.930556511771593,0.136461303148041
0.930238780567835,0.136981436953025
0.927610988801389,0.142024130776542
0.930820973208824,0.13567444572199
0.928659673059206,0.139908451969438
0.928880395345123,0.14002498760279
0.930597887415124,0.136160362066772
0.930516762204673,0.136642964362487
0.929870427885808,0.13762799523625
0.929244050627251,0.138797596211493
0.928681505734294,0.139949814611203
0.930069101621088,0.137600878202301
0.92984587942846,0.137828546100783
0.928679655664483,0.139921269372449
0.929178518173437,0.138859394283297
0.929375554164737,0.138605342235114
0.929260774602516,0.138217189557689
0.93033392788931,0.137055396233727
0.929912979261302,0.137974442053734
0.929777613604994,0.137625290410689
0.929665429932601,0.138010420286754
0.930901256268046,0.135442191293122
0.929229132929266,0.137934573020044
0.92911359374317,0.138914309051735
0.930305680483132,0.137008295808068
0.930990014202746,0.13595158450406
0.929593488803537,0.138253326079578
0.929481871714617,0.138399868437742
0.931253251523374,0.134781372226647
0.930849053887004,0.136096474459065
0.931202688805002,0.135292418880391
0.929561153748182,0.137512635635282
0.928740496310442,0.138927896908025
0.930068130919095,0.136800694240014
0.931696192640074,0.134313902998602
0.927301886152737,0.14125888603588
0.93035353124197,0.136807196299575
0.929861587228118,0.137792835878095
0.930708281761697,0.13638141291415
0.93082138034868,0.136266664584345
0.929725606606485,0.137315353796686
0.93013727455982,0.137377856590804
0.927947967797877,0.141158509905881
0.929196164490924,0.138688707825465
0.931054538757075,0.135781129818404
0.929496710653428,0.138404527060816
0.930874110415455,0.135821114935457
0.930027078407886,0.137451552176555
0.930197670078095,0.137708051917867
0.930131123705085,0.137649479291924
0.928143102482489,0.140648396177642
0.93088637093216,0.135457157954247
0.930066423877143,0.136833236845944
0.931879393144213,0.13392935683311
0.930500004562233,0.136517558896172
0.929089074167065,0.139134203944159
0.927920276304387,0.140417147661789
0.929682396361191,0.137725995294967
0.930480611646622,0.136551410103126
0.930506504984526,0.136656062255985
0.929017715470306,0.138965792996827
0.930696198477983,0.135803720990312
0.930362084172491,0.136074923071104
0.929063226107637,0.139253815710562
0.929287022061534,0.138065067080045
0.930391445852688,0.136473435483274
0.930679048829128,0.136605479239127
0.929621461062136,0.137616522599415
0.930528454204817,0.136276419073118
0.928939878330088,0.138499707063746
0.929645959934528,0.138217974619506
0.929740124201891,0.137645442657877
0.930643715361234,0.136417951921864
0.928581069312095,0.14000702159043
0.93102509961781,0.135420901724627
0.929343810926452,0.137563707783714
0.928916189981393,0.139125943593797
0.929673968104997,0.137359590889159
0.929848909011691,0.13732728019762
0.929152452019191,0.138586886409692
0.930476405262073,0.136358153764414
0.929199459521898,0.138653935070726
0.9292853775199,0.138192904351522
0.930179642250707,0.137145749334627
0.930414384915856,0.136951586601734
0.928106460285881,0.140252316354292
0.929991954122275,0.137766887908214
0.931048124324906,0.136294771589247
0.928719451010248,0.139526302354119
0.928419491127272,0.140360457350502
0.928948211625654,0.139943724516483
0.92828076187024,0.140004717707878
0.929296218630634,0.138353667128633
0.930709924865275,0.135928727994661
0.928022673730065,0.141183188970892
0.930946500195042,0.135503400008205
0.930489902674287,0.136973500054602
0.929085466886662,0.139031732088035
0.93043020616589,0.136427716631482
0.930357371696725,0.136885191680241
0.930048948692471,0.137222945454591
0.929171790861684,0.138389228373854
0.931066335386421,0.135280342679359
0.929578244779092,0.138536215806485
0.932157394100035,0.133443523133112
0.93083868642609,0.135345440758317
0.928891215572006,0.139498120151091
0.929311070755967,0.138373115543331
0.929072452536589,0.138643301487696
0.929693647926628,0.138316823315486
0.929446561480705,0.138190044787627
0.930287784719646,0.137048506670452
0.928356219655111,0.139763882516956
0.931173106942693,0.135301736660156
0.929123174156677,0.138275446799264
0.930650598015722,0.136093486174177
0.930361618340846,0.137353759248909
0.928599714290625,0.139972567020052
0.929532150616299,0.138004657333236
0.929391114552229,0.138203855606511
0.930963923982744,0.135315347470988
0.929874282453258,0.137599561560757
0.929814196975425,0.137594826688795
0.929123367571281,0.139365216475066
0.930081332389502,0.137251287223151
0.930482678546434,0.136394014727769
0.931604738601957,0.134166837994286
0.927899614318881,0.141144087466529
0.929531532267238,0.137879594116075
0.928985264597727,0.138841103639452
0.93044313626764,0.137028055359987
0.930001104554005,0.137899620326599
0.930306774708795,0.137153069417206
0.929295652724784,0.138781944929114
0.930276277465105,0.136453722155458
0.930874539478,0.136096465201298
0.929229097261284,0.138227397560466
0.931198332523987,0.13490470875974
0.929058359063557,0.138786793740802
0.930319318788685,0.136770862422431
0.929453421043169,0.13756057591027
0.929576486949527,0.138230999521983
0.930689739418602,0.135879456590769
0.930610384920764,0.13582897849935
0.930247632792953,0.137324421297692
0.930437120893585,0.137030079613558
0.930621601552308,0.136356998656381
0.927979430398996,0.140018766426538
0.928511769780393,0.139699426339141
0.930011938634817,0.137013851066643
0.930938416640843,0.135379215180235
0.928970384673899,0.139167587951962
0.929556587716258,0.138419217360003
0.929987525291316,0.137449786236965
0.930397965861988,0.136950397124129
0.930958355515947,0.13555441992556
0.929691528972913,0.137757501745482
0.929527720162677,0.138492055832332
0.930003872796267,0.137246484100425
0.928865205112132,0.138525502871366
0.929709457403696,0.137288406111873
0.930666722433409,0.135947375275934
0.930395319804291,0.137014498215251
0.928454418889865,0.139667161646076
0.931270359483476,0.134983043880564
0.93027037573545,0.135976941628177
0.930957443541066,0.135412360308695
0.929903596751609,0.137817127944543
0.929771839634543,0.137132211565829
0.92955900365883,0.138018170765994
0.929561682399873,0.138411026448627
0.929548095099601,0.13825534704745
0.930420507462011,0.136444738899627
0.930770677819484,0.135903714796632
0.929887201834412,0.137693141810868
0.930831576454331,0.135753713817436
0.931367167855474,0.134972681651177
0.929512159128547,0.137629835575353
0.9298105316825,0.13756935155396
0.929868536854732,0.137474718331613
0.929126118212348,0.138984454487708
0.929853473561631,0.136828059449321
0.931063749009964,0.135243493563757
0.930419916747451,0.135947124750442
0.929076052621008,0.13841012844224
0.929108615261739,0.138973065076453
0.928846125883879,0.13869309384392
0.928303630106345,0.140068526225435
0.930068069267624,0.136910911782406
0.928488802427776,0.139599975286471
0.929943734814618,0.138259785943678
0.930772486723035,0.136313975993403
0.930302144172169,0.136839760455624
0.930525845624618,0.136224745657273
0.930465436843711,0.136538199448655
0.929182246280062,0.138888693897082
0.92900420959503,0.138882071184878
0.928313452785331,0.140124197682956
0.929280142553514,0.138332579127681
0.929644488907822,0.137643264312935
0.931732377493888,0.134484924068917
0.929871888742378,0.137599731629202
0.929438208316098,0.137868898650156
0.931277380095213,0.135152329696089
0.929678188607377,0.13726014253016
0.928638200050037,0.140156398503737
0.92938119828642,0.138260243066113
0.930464416281611,0.136146318208569
0.929890375050295,0.137276515166612
0.930695303373753,0.136742023627124
0.929093772368477,0.139209432864096
0.930104129248088,0.137099871774552
0.929547725913646,0.138621867040319
0.930169037828482,0.137775812273432
0.93021180232238,0.137048751991846
0.929628175683632,0.138168481425539
0.929584088681581,0.137880198755994
0.930896987882252,0.135925588310797
0.92954575397697,0.138040466701987
0.928789945048969,0.139044525075602
0.929958797942444,0.137348268899658
0.929579053039519,0.137533872704865
0.929061742445376,0.138253977147036
0.930322076301366,0.13685737776652
0.929691574200136,0.137860835871284
