"E","C"
0.956822456223427,0.0520950927617918
0.957738647700137,0.0509657746501666
0.95627604984774,0.0527618489004926
0.956969557738729,0.0518999449155258
0.957158106853428,0.0515279958880308
0.957666489961703,0.051077602768488
0.957460123223133,0.0512065721304655
0.957515721249017,0.0511908190777187
0.95785799598877,0.0510128975914959
0.956427360728749,0.0525652875224023
0.956668005899218,0.0521785163296984
0.957499700681461,0.0511553909759214
0.95662689717767,0.0522905142674711
0.957991042448978,0.0508778650615352
0.957276719816904,0.0513750637843593
0.956535577161338,0.0523886676287928
0.957755434219858,0.0510424549123639
0.957132644593758,0.0517261666797212
0.956768140492693,0.0520176799009962
0.956942970552699,0.0520228159725601
0.956998567104533,0.0518101258401147
0.9567733666776,0.0521196404917339
0.955631727263824,0.0533118866015903
0.957267974727264,0.0515506289707512
0.955912197950637,0.0531721781329176
0.957279801383012,0.0516329633708853
0.957461642465542,0.0512500152367528
0.955674625245328,0.0532782308215429
0.958060310487675,0.050610554548994
0.956313706335835,0.0526690055150334
0.95880039445977,0.0499177992915174
0.956773069297164,0.0521108947027328
0.956185361068569,0.0527741080236947
0.957516990731815,0.051197116004896
0.957072026994815,0.0519194626507489
0.956924229629295,0.0519222063150864
0.957551337140941,0.0512801765832486
0.956994447166485,0.0519604922879908
0.956983376062676,0.0518803627448214
0.958244713518991,0.0505464396504763
0.958116740647076,0.050578484181058
0.956119055769856,0.0527369669881862
0.957495559002423,0.0512991971989424
0.957961423506101,0.050656883599042
0.957394023171633,0.0513381871504058
0.957896381058904,0.0508951879523454
0.959092281822227,0.0494126169302462
0.956925451953367,0.0518346902461703
0.957375931506652,0.0514545332181506
0.95675646999947,0.051955456422976
0.957098527449624,0.0518001409394399
0.95653029253124,0.0524424461668344
0.956763420593647,0.0521858317041078
0.958040778116717,0.0507418973645723
0.957411626329371,0.0512920757974517
0.957382542963029,0.0512992645105753
0.957410196761947,0.0514076719542723
0.957066584006111,0.0517565717436398
0.956220361544631,0.0528157301821776
0.957491824628898,0.0513178851830118
0.958061651031525,0.0506518799300835
0.957506104155731,0.0513267814036918
0.9571688465181,0.0516767652184988
0.958464991240897,0.0501898112090796
0.957990983117478,0.0507809670328933
0.957720599228048,0.0512892464730263
0.956707878422718,0.052053399401034
0.956331701226847,0.0526162407835057
0.957255971708095,0.0514600593085406
0.956724154548824,0.052112767717571
0.957853432737863,0.050662089411443
0.957501487060941,0.0512983511618928
0.956348796224785,0.0525703890346334
0.958016479145754,0.0506449208196674
0.957932496155485,0.0508041467905917
0.956398825564492,0.05243898985666
0.957188427001481,0.0517149343944388
0.957098964078781,0.051753192783346
0.956561271706557,0.052189331133216
0.957182314629925,0.0516814869051096
0.957228714691596,0.051401807856147
0.957445152467299,0.0513509981220496
0.95618056275006,0.0527748569912348
0.955707720026337,0.0532689277402014
0.955780332697934,0.0533686306566878
0.956755079242434,0.0521028384594613
0.956983495319794,0.0518116838060623
0.957639317881424,0.0511064549297996
0.956102178217995,0.052904817973759
0.957566646393278,0.0512087428069904
0.957389369719067,0.0513570724429338
0.955950180675862,0.0530843670261202
0.95709141892732,0.05179589355258
0.956940824038224,0.0520128181812874
0.958677545943939,0.0497365531232558
0.957006355570791,0.0517890487520016
0.957075484837772,0.0517644120412336
0.956210286970717,0.0526398752953982
0.958619576683209,0.0499423976501777
0.957142224015246,0.0516742527772893
0.957319824108192,0.0515419881184129
0.957769819623126,0.050906576621832
0.957312408995594,0.0515103150788426
0.957334432477832,0.0515486399150806
0.95753046790287,0.0511400817429929
0.956097359057275,0.0528888336731799
0.958130064597357,0.0506727840937896
0.956795904073083,0.0521619849706578
0.956830028954787,0.0520047859313647
0.957073077075508,0.0518021303490714
0.957637915755076,0.0510602456964031
0.957565343974676,0.0510917369177589
0.957680951108666,0.0510673275622544
0.956716696755736,0.0522767813841448
0.957454121904691,0.051291759150389
0.957884473544211,0.0507929334869885
0.957135487808776,0.0517607541086968
0.957816515506401,0.0509843531470692
0.957293161484939,0.051363219820396
0.957460598564254,0.0512987657479551
0.957045090435518,0.0517186040574478
0.956545806923031,0.0522472563586613
0.958776658603297,0.0498076925499624
0.955887346568206,0.0530336377920615
0.957321226187654,0.051425093357938
0.95760358759179,0.0514490667466416
0.956489084519909,0.0524548170496459
0.95710879162502,0.0517340683094355
0.957491259779917,0.0513988213824784
0.95687982689968,0.0519536385508201
0.956811012628583,0.0521744955286427
0.957716296938998,0.0510306928408334
0.957995877829088,0.0507583412740062
0.956702472488967,0.0522034417395175
0.958546568481562,0.0502676763653492
0.957048377702668,0.0517148172022444
0.957476621555062,0.0513055312620678
0.957055494887041,0.051650048553991
0.957705581969353,0.0510431307623871
0.957379079100719,0.0515838810580499
0.956477647340832,0.0525249731845064
0.957379313936365,0.0513917853896369
0.95729173828539,0.0514729680070932
0.956700283406733,0.0522025387243249
0.956729376686704,0.0520323141918916
0.957673221413786,0.05107245221238
0.957751224584075,0.0510117239615319
0.9568607552133,0.0519330399265926
0.956170206680859,0.0527503962368916
0.956548852181198,0.052458443409724
0.956434768085684,0.0526387913225974
0.955860979011568,0.0531504082440697
0.957396260003438,0.0513624418796794
0.95622978652117,0.0527254683782542
0.957640289701395,0.0509886834373226
0.956526644834854,0.0524006980323937
0.957003265707862,0.0519975694935371
0.957900659818799,0.050806855211261
0.957372349994974,0.0514582748689682
0.956906671426217,0.0520492991633828
0.957637371425822,0.05110638194899
0.956878005464316,0.0519525778047261
0.956636353771804,0.0523288306653632
0.957550205594066,0.0513192268917878
0.957703893846017,0.0511500037553331
0.957219739037792,0.0516744976152377
0.956920686646259,0.0519831844613153
0.958293307222364,0.0503809965436523
0.95833500950309,0.0503288660934124
0.95713559936976,0.0515385929206149
0.957305707888001,0.051504884467502
0.957382466513381,0.0513308450848034
0.957755232958595,0.0509806658401648
0.957860929160161,0.0507950117889357
0.957948832749818,0.0507470122008148
0.957931423398246,0.0507403816972693
0.957312105919849,0.0513962369673452
0.956720437900866,0.0520660449070627
0.957887015096713,0.0508892592270513
0.957499920374112,0.0514260175964503
0.957212249723324,0.0517620778970892
0.956356314084776,0.0524714975416164
0.957239743409582,0.0515317705373147
0.956622731570329,0.0522825187728748
0.956580712516009,0.0523126255010954
0.957150612579431,0.0516830723050828
0.957959434625763,0.0506505659572623
0.957380303400901,0.0514607237515643
0.956355094363944,0.0525700031072134
0.958622091747657,0.0499385988647157
0.958398585689425,0.0502165377911614
0.957942416123867,0.0507683635081564
0.95761969467335,0.0510768201523879
0.95765776260424,0.0509972353314968
0.958154641081831,0.0505853307289794
0.957118443374599,0.0515392914469174
0.95696505656061,0.0518068166671371
0.95784285249793,0.0508809284591649
0.956970980939283,0.0518142848021554
0.956276718195133,0.0527312213848881
0.957711778018796,0.0510942557326981
0.956941854017011,0.0519842194108289
0.956545850073062,0.0524534204464928
0.956847059922107,0.0520333901677119
0.9562248724697,0.052843612695796
0.957459144586851,0.0512679847511009
0.957215684518043,0.0517846037629861
0.957218841911822,0.0516929826437604
0.957342392272749,0.0515472612475024
0.956936085756778,0.0519077239076134
0.956751436574692,0.052128715580467
0.956732662009887,0.052257002637631
0.95718820467501,0.0516750389935453
0.957549487812864,0.0511526491990769
0.95646271453925,0.0525206206180226
0.956279697866487,0.0526701863491999
0.956922539363368,0.0519853654366092
0.957377453038137,0.0515063049585323
0.958478486577378,0.050120952096029
0.956524235603611,0.0524978143310835
0.956964681633547,0.0519409967460591
0.957202091571434,0.0516727092753458
0.956712914739379,0.0521289854321176
0.957256264319108,0.0516735130637503
0.957370403734156,0.0514256523156836
0.956777370183115,0.0520819824346873
0.957697881332852,0.0511669550700071
0.956823420638073,0.051970537704628
0.957493703482927,0.0512413639862028
0.957999658693305,0.0507627625537492
0.957418366231776,0.0513102963661387
0.957431084853386,0.0513420949697545
0.95705198824713,0.0518664822369193
0.95715994167273,0.0515972277395628
0.957252124164887,0.0516601160924188
0.956822260229921,0.0520248564099229
0.95731259490982,0.051397780787776
0.95664666241993,0.0521726149714072
0.956915049412191,0.0518675781020979
0.955788433341925,0.0532886896271399
0.956820987546277,0.052142538559961
0.9568385424955,0.0522102505419654
0.958186679154784,0.0505830725359966
0.957573561195493,0.0512083667622136
0.95701119145223,0.0517732918425106
0.957467175710953,0.0513506454086369
0.957153890621589,0.0516409367115026
0.957538281708572,0.0511994900548342
0.957271419235823,0.0516112590441024
0.957706102244976,0.0510897969107887
0.957067867981864,0.0517467813839511
0.956538910781162,0.05251692996279
0.957634506317423,0.0511770611355103
0.957158297034082,0.0515808156474641
0.956925140596539,0.0518778432706545
0.957334041627616,0.0514983037044632
0.95676675826132,0.0521306772626169
0.958330726350355,0.0505223003249943
0.956466053482192,0.0523695091514097
0.957098623288537,0.0516676335837814
0.956041220505136,0.052901449315519
0.957873551344455,0.0508525280179278
0.957433144371182,0.0513930288310285
0.956436557851423,0.0523541891170639
0.958313351903766,0.0503942882060914
0.957922651280916,0.0508246204060658
0.95744848704569,0.0513305288257828
0.957375603477902,0.0514600840059548
0.957209024135022,0.051567783961653
0.956869929229816,0.0520303237402526
0.956681212529786,0.0524216110255652
0.95705524681811,0.0518325593280907
0.957359157709696,0.0514971823098026
0.956478228058069,0.0523875505532055
0.957150469328885,0.0516866387399152
0.956808944606248,0.0520492145017905
0.957410937886854,0.0513786817770725
0.956888788106329,0.0521039596632599
0.957691741182707,0.0511891189371074
0.956250507371632,0.0527267322412874
0.957323936572114,0.0515758174943141
0.957463010334664,0.0512531261066143
0.95642341959238,0.052568933500471
0.957829969812726,0.0510069790085871
0.955820364325082,0.0531361926866827
0.957034696784154,0.0517163980112663
0.957219135115702,0.0515612455862371
0.957560263275364,0.0512070182727844
0.957335421707352,0.0513590615815411
0.957853913862256,0.0509708041217441
0.957740940047792,0.0511115993192672
0.956759820525503,0.0522502446583038
0.957800455108456,0.0508349405703319
0.957311079167999,0.0516206794283589
0.957250840363474,0.0514618511611674
0.957465085506378,0.051436612589743
0.957444683974435,0.0513007499351137
0.956986651752925,0.0520137236473371
0.956855780028275,0.0520088486878226
0.956834074135093,0.0520128663812039
0.957092713520804,0.05176487797458
