"E","C"
0.976204740107732,0.0224019211005625
0.976176927600518,0.0224271387127062
0.976248440187572,0.0223619507348637
0.976135245426638,0.0224654880548181
0.976124569713256,0.0224751496315706
0.976306791390133,0.0223086943894418
0.976130294160015,0.0224698935952997
0.976183515158363,0.0224211982787868
0.975865131662002,0.0227117596026657
0.976397605103085,0.0222257930183288
0.976353388431457,0.0222661354621228
0.976475301028641,0.0221548292421828
0.976309639039871,0.0223060790240912
0.975964040213053,0.0226217217301294
0.976103299259475,0.0224946904255378
0.97652409457673,0.0221101255467226
0.975978597647996,0.0226083955295103
0.976285066418061,0.0223286096608608
0.975998314980722,0.0225902524145827
0.976036177609158,0.0225556588878145
0.976305559288883,0.0223098454206387
0.976364520413781,0.0222561591620297
0.97632632443115,0.0222908695610026
0.976239175452993,0.0223706003452465
0.976284068141139,0.0223294156042307
0.976104823136635,0.0224930988548086
0.97601328751685,0.0225765262189267
0.976503400616809,0.0221292385346024
0.976200323574978,0.0224059537982716
0.975910330052398,0.0226705133803752
0.976351836453296,0.0222675419099987
0.975988740411842,0.0225990505617349
0.976240583807671,0.0223692322313694
0.976109908032986,0.0224883006750344
0.976300608940517,0.022314459627017
0.976365200039834,0.0222553360743489
0.976190606459373,0.0224147690521512
0.976424670339658,0.0222009843919879
0.976364798942752,0.0222557844223383
0.976412450603538,0.0222122465430258
0.975994997634071,0.0225932333986478
0.976371772216111,0.0222493904815366
0.976126984561652,0.0224729211111588
0.976072526875737,0.022522567640731
0.976350884119203,0.0222684373004445
0.97623390155271,0.0223752875645913
0.97599805006308,0.0225904264426823
0.976480938607784,0.0221495870107812
0.976283957028241,0.0223295543488373
0.976139430587098,0.0224613962270848
0.976219480596703,0.0223884313926207
0.976134084046212,0.0224663653874604
0.976157131947906,0.0224453793779188
0.976064555307682,0.0225298297497346
0.976268097181061,0.022344038459963
0.976062846018581,0.0225314137848406
0.975920417305447,0.0226611352106145
0.976393813041644,0.0222294758759292
0.975944265833624,0.0226396267372473
0.976111488827593,0.0224869751110115
0.976130688311139,0.0224694665712556
0.976068461597023,0.0225263494299115
0.976278015293068,0.0223349025111388
0.976325267554065,0.0222918381686482
0.975983694718217,0.0226035965346217
0.9761329275898,0.0224674288267561
0.976154762741208,0.0224475074604052
0.976209390113429,0.0223975764093607
0.976066396780882,0.0225281568899055
0.976117475028837,0.0224815692884568
0.97611130347997,0.0224871544660137
0.976084487524292,0.0225118656889609
0.976078000230375,0.0225175726204847
0.976392530872637,0.0222304289719227
0.975907162986509,0.0226734386641928
0.976408043381171,0.022216412590939
0.976034985474168,0.0225567804206056
0.976201241607309,0.0224051923046674
0.976267002989778,0.0223450040143025
0.976226048489598,0.0223823800350723
0.976176070190771,0.0224280792173426
0.976298565410172,0.0223163088107948
0.976211549264751,0.0223955532777813
0.976185523737428,0.0224194643963111
0.975985306269698,0.0226022060962438
0.97624724930301,0.022363106954375
0.97623282645345,0.0223762582273184
0.976211836797737,0.02239537903387
0.976178183017567,0.0224260893096491
0.976196802760961,0.0224091025555984
0.976397059742547,0.0222262590236575
0.976212509069474,0.0223948388248992
0.976443503463168,0.0221838276735785
0.976071680089129,0.0225232706382602
0.976243027356363,0.0223669266503505
0.976454589773253,0.0221736897588857
0.97605299985562,0.0225403567514911
0.97621978797405,0.0223881474687322
0.976414229264899,0.0222105170573711
0.976058584520662,0.0225351915200201
0.97627637524413,0.0223364231878878
0.976149841959459,0.0224522612660617
0.976100344120151,0.0224971458468876
0.976253876870696,0.022356907964274
0.976363091305871,0.0222573229556993
0.976338314847739,0.0222799235426803
0.976157884379961,0.0224446331549994
0.976082790558014,0.0225131957689449
0.976297083769325,0.0223178467812216
0.976260158353452,0.0223512066379013
0.976097200366616,0.0225000919245198
0.976356140384856,0.0222636234720016
0.976093705247497,0.0225032125217648
0.976018274243998,0.0225720296732775
0.97620691870232,0.0224000702216665
0.976221922980674,0.0223861780889483
0.976456305748846,0.0221722005134305
0.976407683941538,0.0222165233736009
0.976096721754512,0.0225005369240292
0.976356253271749,0.0222635678890236
0.976001111832516,0.0225877149001317
0.976355076325697,0.0222646123057649
0.976244932298769,0.0223651423492437
0.976332152092548,0.0222855738716679
0.976111473814835,0.022487102039827
0.97632431473596,0.0222926987608792
0.97630791391485,0.022307583799977
0.976075305275551,0.0225199892926772
0.976334422887712,0.0222835240980743
0.976396730372573,0.022226599009736
0.976259111006401,0.0223523835897499
0.976230144659073,0.0223786879421627
0.976700453450429,0.0219491407889618
0.976146334167155,0.022455220096235
0.976128143542968,0.0224718628552827
0.976191367236048,0.0224139993570444
0.976059289086383,0.0225346671300012
0.976014044705011,0.0225759727931587
0.976052488203122,0.0225407815061519
0.976111874799255,0.0224866314918765
0.976218119957571,0.0223899631737488
0.976153538736857,0.0224486066686187
0.975980577901065,0.0226065029871715
0.975954366442345,0.0226303624001986
0.976262179292094,0.022349422001
0.976430677038684,0.0221956857993142
0.975993847382927,0.0225945598307519
0.976321647385925,0.0222951554390238
0.976163704558205,0.0224393208219029
0.975980529999059,0.0226064759533406
0.976088611679646,0.0225078436462651
0.976454620278569,0.0221736851590932
0.976303234063026,0.0223119688880105
0.976100463582243,0.0224972399450895
0.976176443610056,0.0224278294614514
0.976283878338958,0.0223296495775261
0.976176783823584,0.0224275250474577
0.976388201379582,0.0222343789488576
0.975870471866509,0.0227068347478945
0.976386258772514,0.0222362663909088
0.976407016973157,0.0222171535555906
0.976121106102046,0.0224782121442163
0.976456590468828,0.0221718682114077
0.976175569385371,0.0224284684620702
0.976173675717916,0.0224304103893873
0.976195799648678,0.0224100617303631
0.976103206996133,0.0224945737288941
0.976231071024345,0.0223777592084497
0.976350840331528,0.0222684744058269
0.976229323779121,0.0223794553255422
0.976060373792112,0.0225336148446762
0.976183382744419,0.02242137485228
0.975890444659782,0.0226886487321171
0.976056240248347,0.0225374087954667
0.976243416983893,0.0223665364793403
0.975967721785125,0.0226181685808811
0.976460609491265,0.0221681478459652
0.976433252443372,0.0221932933736995
0.976022322767849,0.0225683882561683
0.976399432174677,0.0222240813097792
0.976294086759075,0.0223203305346274
0.976256454632022,0.0223546327348791
0.976019003264432,0.0225714164409436
0.976209111531415,0.0223978781220547
0.976367115527726,0.0222537043210846
0.976295661005254,0.0223188882912618
0.976188292142822,0.022416908515422
0.976089252104514,0.0225071318687869
0.976357123419948,0.022262735468366
0.97611410928938,0.0224844592256616
0.976189086149938,0.0224162599320872
0.975508039493551,0.0230373711060726
0.976314122516053,0.022302034262023
0.976149955544279,0.0224518724709334
0.976111821323475,0.0224866678335438
0.976182177375678,0.0224225356879826
0.976285691493221,0.0223279504501667
0.976280633203992,0.0223325902086847
0.976054675714356,0.0225389924032077
0.975974002680285,0.0226125372369896
0.976135851730371,0.0224646484938552
0.976302097726141,0.0223129888708544
0.976338067664727,0.0222802770826475
0.976293916919023,0.0223204988261016
0.976253469428384,0.022357450743751
0.975986274843796,0.0226013437605587
0.976040936272444,0.0225515971130919
0.976143535244534,0.0224577417092916
0.976245258656845,0.0223648903793745
0.97614796369095,0.022453626168187
0.976204060202546,0.0224024705979911
0.976250934722756,0.0223596272988108
0.97612845356964,0.0224714991482312
0.97634966006349,0.022269536141532
0.976239931002251,0.022369763036805
0.975926539904922,0.0226557309271102
0.976206767920839,0.0223999511197371
0.975996744094129,0.0225917392751945
0.976323873329144,0.0222931508228709
0.976178231250524,0.0224260659800265
0.976065939436942,0.0225285758372479
0.975813348379754,0.0227590177515725
0.976163233956939,0.0224397858240759
0.976070514479222,0.0225243105964737
0.976145445617799,0.0224558714709533
0.976282645444352,0.0223307149677981
0.976313127698191,0.0223029896314592
0.97634958609805,0.0222695732170038
0.976254075847918,0.0223568253352643
0.97638424237442,0.0222379983551817
0.975971216790585,0.0226150923975291
0.976080856113193,0.0225150828503162
0.976242255160643,0.0223676893339808
0.976272428606217,0.0223401325870257
0.976174910828538,0.0224291157152418
0.976011075206618,0.0225785968863376
0.976181354352182,0.0224232471718196
0.975951335565642,0.022633142870418
0.976023186338278,0.0225675546568376
0.976384030871362,0.0222381045330466
0.976171036466454,0.0224326028972038
0.976559547232707,0.0220778129297844
0.976212079820716,0.022395060871752
0.976224489836027,0.0223838495579509
0.97629124724717,0.0223228944321654
0.976197017308443,0.0224089877328186
0.97638698314899,0.0222354863531709
0.976055606102229,0.0225379839801967
0.976126132680637,0.0224737782365444
0.976107309093589,0.0224907803990263
0.976410796378182,0.0222137240902714
0.976122310317201,0.0224770930730718
0.976021083730111,0.0225696251640206
0.976401597849195,0.0222221604049763
0.976225969527674,0.022382526114835
0.975966436777728,0.0226193204126563
0.976225975145304,0.0223825193803321
0.97613511498448,0.0224654855769276
0.976329938533905,0.0222878162703907
0.976203076915143,0.0224033854358785
0.97613259524397,0.0224677082393218
0.976475305964897,0.0221548845091571
0.975989931021801,0.0225980870764664
0.976179939849745,0.0224244906139971
0.976173809835626,0.022430098788724
0.976028391700808,0.0225628859483836
0.976096075455674,0.0225010416508793
0.976220482446237,0.0223874447560738
0.976488813360409,0.0221424361219024
0.976241277933297,0.0223685333306484
0.976320776081115,0.0222958995761122
0.976246679560863,0.0223635830047235
0.976117017543058,0.0224819321935788
0.976209572954778,0.0223974722013487
0.976339650415079,0.0222786483064258
0.976240030153467,0.0223696602822361
0.976275370051358,0.0223373379224664
0.976289785271631,0.0223242940298749
0.976510413063737,0.0221227245119474
0.976181920759316,0.0224227139914789
0.976097525195776,0.0224997333180585
0.976299933479424,0.0223151191685791
0.976231530614984,0.0223773838561352
0.976410450084494,0.022214087895678
0.976026518317121,0.0225645064909864
0.97621227819258,0.0223949514225194
0.976603707664544,0.0220375168933158
0.976351018787683,0.0222683304251859
0.976060444157526,0.0225335137163426
0.976400918017461,0.0222228309525744
0.975989557024097,0.0225983069351171
0.976157943683059,0.0224445373853542
0.976218780432066,0.0223890360013419
0.976165624162897,0.0224376933754664
0.976178411076894,0.0224258962442225
0.976035295795778,0.022556476316288
0.976203039281272,0.0224035318502718
0.976180106653768,0.0224243428301803
0.976207018444622,0.0223996921557488
0.976251173277031,0.0223595868488199
0.976182919842856,0.0224219506430958
